time
55.1088
48.4611
52.0103
54.349
57.5668
51.2221
45.4398
38.8478
58.7875
57.452
50.6986
59.9836
46.0817
42.0038
67.3415
38.6606
50.2164
56.304
48.9256
63.7461
50.1734
39.6642
72.876
47.954
38.7828
53.9289
55.2415
53.935
49.79
38.4764
63.3213
61.9644
48.1343
76.753
81.7248
31.2194
68.1767
55.7809
48.3321
61.9409
61.8728
55.679
54.5235
42.1108
46.6266
55.6808
39.2678
57.2371
38.8818
44.7833
49.0798
54.291
59.0598
52.5241
60.5628
46.107
60.2951
53.0521
54.5197
48.0167
43.4168
54.0411
53.0521
44.4547
46.4965
50.7449
48.0381
63.4743
57.3355
54.0467
50.046
51.2808
55.0529
47.8337
55.0215
39.2489
49.2738
47.8797
48.4743
49.6555
41.742
40.2651
47.8019
53.0092
53.0521
47.9781
49.7297
46.7799
59.81
53.7531
47.407
47.8738
55.4076
50.7209
43.4731
42.7895
44.698
53.0521
45.3916
47.668
45.2089
65.8356
49.9074
53.0521
53.0521
41.5745
53.0521
42.7934
54.4936
51.4262
55.8669
57.0644
45.7803
38.8818
38.8818
46.2753
53.0521
56.5869
52.4425
48.3961
39.2678
47.6487
43.2561
48.4006
56.5773
48.4006
45.2471
53.0521
49.619
55.4076
46.9969
53.8152
49.8092
41.8765
47.5683
57.2297
53.0521
49.4102
44.457
46.9112
39.7374
47.8764
44.8673
53.7685
53.1306
43.4168
46.0016
56.6182
52.8217
64.9038
50.5363
53.0521
47.95
56.6182
57.5186
48.4006
45.4128
55.2995
41.4973
44.8673
46.886
58.9761
53.0521
45.4128
57.444
48.4006
57.0644
61.4275
46.8647
53.1306
37.2922
41.8845
57.426
44.6742
68.2185
53.0521
47.8999
47.3525
49.1577
57.3355
49.6555
46.4965
46.4781
