time
43.7329
74.4569
34.5585
42.8999
61.0357
50.5082
62.9393
35.6354
32.9854
35.6551
35.6551
32.9569
52.9733
45.9179
38.7939
44.7575
45.96
39.4529
49.9663
39.4529
37.7425
53.1185
39.4529
55.6066
48.3297
53.1185
44.1128
39.4529
39.4529
55.702
45.457
40.9299
36.3512
42.5087
53.1185
37.3965
39.4529
56.0518
39.4529
39.4529
39.4529
36.9754
39.3162
40.3923
36.3512
60.3784
39.4529
60.3084
39.4529
42.8373
41.3989
39.4529
31.2132
41.3301
32.9734
60.323
38.7813
57.7755
60.6515
41.3301
41.3301
38.7813
41.3301
41.3301
45.9387
41.3301
41.3301
52.6055
40.4147
38.7813
45.9387
40.4147
38.7813
41.3301
55.6606
39.2332
41.3301
65.3783
41.3301
40.9816
41.3301
41.3301
41.3301
41.3301
45.9387
41.3301
60.6515
41.3301
41.3301
40.9816
60.6515
40.9816
36.4026
38.7813
40.5166
41.3301
36.4026
43.0012
41.3301
40.9816
38.7813
38.7813
45.9387
40.4783
46.8598
57.7463
38.7813
40.4147
41.3301
35.839
41.3301
38.4102
42.2822
40.9816
45.9387
41.3301
42.5606
60.6515
51.0234
40.9816
41.3301
41.3301
63.687
41.3301
38.7813
60.6548
41.3301
39.2332
40.4147
40.9816
46.5248
41.3301
38.7813
38.7813
41.3301
40.9816
38.7813
41.3301
38.7813
39.0054
41.3301
51.4974
57.5149
41.3301
40.9816
41.3301
53.1712
38.7813
55.6921
35.839
53.1712
40.9816
41.3301
41.3301
41.3301
41.3301
40.9816
41.3301
41.3301
38.7813
35.4555
38.7813
38.7813
47.1766
38.7813
45.9387
38.7813
41.3301
51.546
36.4026
40.9816
41.3301
40.4693
36.4026
45.9387
41.3301
41.3301
45.9387
60.6548
38.7813
35.9171
45.9387
36.4026
51.4974
43.3747
38.7813
60.6515
38.7813
41.3301
41.3301
38.7813
60.6515
41.3301
60.6515
40.4693
38.7813
41.3301
41.3301
38.7813
41.3301
41.3301
41.3301
41.3301
41.3301
38.7813
41.3301
45.9387
35.8933
36.3934
41.3301
56.1679
39.2332
41.3301
41.3301
56.2167
43.174
41.3301
47.1766
41.3301
41.3301
38.7813
35.8933
42.3722
41.3301
41.3301
38.7813
41.8633
60.6515
40.4693
65.3783
35.8933
41.3301
40.4693
40.4693
60.6515
60.6515
56.1679
38.7813
40.9816
57.2824
45.9387
45.9387
38.7813
42.5606
41.3301
41.3301
41.3301
45.9387
41.3301
55.9681
41.3301
41.3301
45.9387
40.9816
41.3301
57.5149
38.7813
41.8955
56.1679
41.3301
36.4026
41.3301
56.2167
40.4693
56.1679
40.9816
43.3747
40.9816
38.7813
38.7813
38.7813
41.3301
45.9387
60.6515
38.7813
35.839
38.7813
38.7813
41.3301
40.9816
41.3301
39.2764
41.3301
41.3301
38.7813
46.5248
38.7813
51.3665
44.9007
41.3301
41.3301
43.7599
41.3301
46.1657
41.7403
38.7813
36.4026
47.1766
36.4026
41.3301
45.9387
43.3747
40.4693
63.3109
56.7313
47.1766
46.3303
58.3838
41.3301
41.3301
49.0938
38.7813
41.3301
40.4147
52.2441
44.9039
41.3301
41.3301
40.4147
49.7596
52.1376
45.9387
56.1679
35.8933
36.2041
41.3301
41.3301
41.3301
61.5071
41.7403
40.4693
57.3249
41.3301
40.4693
41.9641
40.4693
46.8352
41.3301
41.3301
35.4555
35.8933
35.839
46.3514
35.8933
51.4203
38.7813
40.4693
41.8955
40.9816
40.5166
41.3301
36.4026
41.3301
40.9816
41.8955
36.4414
60.6715
60.6515
56.1679
43.3747
41.7193
43.7599
38.7813
55.7048
57.5423
57.5379
41.3301
40.9816
38.7813
41.3301
35.8933
46.3303
41.3301
55.3185
47.1766
41.3301
43.3747
42.2717
40.9816
47.1766
38.7813
40.9816
52.7982
40.9816
35.8933
38.7813
37.5801
46.3303
38.7813
41.3301
60.6515
45.9387
40.4693
41.3301
40.9816
41.9127
40.9816
39.2332
41.3301
41.3301
58.6142
55.0951
53.8049
57.4912
42.0268
47.4917
47.1766
52.3234
41.3301
35.4555
41.8955
40.9816
41.3301
56.1679
45.9387
55.9297
51.546
40.4693
43.3747
41.3301
52.1376
41.3301
47.1766
40.9816
52.0451
41.8955
40.9816
52.1122
41.3301
43.6801
38.7813
41.3301
52.2544
60.6548
38.7813
41.7193
55.9297
41.3301
51.4974
61.2395
51.546
41.3301
41.3301
55.7545
41.5558
38.7813
38.7813
41.8955
41.3301
41.3301
40.4693
58.8835
38.7846
60.6515
50.5489
57.5379
41.3301
46.3862
44.801
41.3301
36.4026
60.6715
41.3301
41.3301
45.9387
46.3514
38.7813
35.8933
38.7813
41.3301
41.3301
38.7813
38.7813
42.5606
74.4918
45.9387
57.5379
40.9816
56.9286
60.6515
41.0206
36.4026
57.6848
45.9387
38.7813
46.3604
41.7706
41.3301
33.0212
40.9816
42.5606
41.3301
52.1376
38.7813
38.7813
38.7813
40.9816
55.9297
41.3301
47.1766
45.9387
41.3301
57.0305
41.9127
35.8933
35.4555
60.6515
43.3747
60.1637
41.3301
40.9816
41.8955
47.4917
41.3301
60.6515
46.3514
35.8933
41.3301
52.3368
36.4026
41.3301
41.8955
38.4102
43.4846
41.3301
41.3301
41.4365
71.2292
40.7539
55.9122
38.7813
40.7539
38.7813
38.7813
41.3301
41.3301
51.9908
41.3301
38.7813
38.7813
38.7813
38.7813
41.9338
38.7813
41.3301
60.6715
57.7453
60.6715
40.9816
55.1858
53.1712
41.3301
60.6715
50.8992
60.6715
41.3301
52.1376
41.3301
52.1376
40.9816
41.3301
40.4693
56.1679
41.3301
57.5379
56.8014
38.7813
41.3301
38.7813
41.3301
38.7846
43.3747
40.4693
41.3301
41.3301
55.6285
38.7813
52.2544
41.3301
45.9387
51.3567
41.3301
47.1766
41.3301
41.3301
60.3156
35.8933
41.3301
41.3301
41.3301
41.3301
43.3376
39.0291
41.5558
43.3883
38.7813
52.2544
41.3301
38.7813
41.3301
41.3301
35.8933
56.1679
57.5379
40.4693
49.431
46.3514
35.8933
57.5379
43.3747
47.1766
40.9816
47.1766
41.3301
38.7813
35.8933
41.3301
41.3301
40.9816
35.839
43.2542
38.7813
40.9724
59.9932
40.9816
54.3945
41.5558
35.8933
36.3934
33.0212
41.3301
38.7813
41.0585
38.7813
41.3301
38.7813
41.3301
40.9816
41.8955
60.6715
40.9816
41.3301
37.833
65.2524
60.6515
40.9816
40.4693
52.1376
46.176
53.8049
38.8161
45.9387
38.7813
38.7813
35.839
40.9816
41.3301
40.9816
43.3747
41.3301
40.4693
41.3301
47.8823
32.9734
56.2167
47.1766
61.6961
41.3448
40.9816
52.5227
60.6515
38.7813
47.6897
38.7813
40.9724
47.1766
41.8955
41.3301
40.9816
40.9816
41.3301
56.2167
47.6077
40.0289
41.3301
41.3301
51.4974
52.6055
41.3301
40.9816
40.9816
36.4026
35.8933
45.9387
41.3301
40.9816
62.7646
57.5379
41.3301
45.9387
57.5379
49.957
43.731
49.2411
41.3301
49.431
38.7813
38.7813
49.0142
59.9662
41.3301
44.4662
46.3514
41.3301
38.7813
56.1679
38.7813
36.4026
41.3301
35.839
63.6053
41.3301
41.3301
41.8955
40.9816
40.4693
52.2544
41.3301
40.9816
41.3301
38.7813
41.3301
44.023
65.3783
41.3301
41.3301
38.7813
38.7813
43.7279
39.1869
