time
49.2941
49.6834
40.3922
42.9233
49.6962
35.9215
54.9702
67.5137
39.4505
57.3998
52.2939
45.3872
41.2555
55.8377
45.4452
61.5737
43.0691
38.862
55.7091
45.9309
44.6071
31.0414
38.8161
42.2237
38.8161
38.8161
43.4095
38.8161
35.8516
43.6166
54.2734
55.6465
57.2735
40.4273
45.9861
43.6046
43.6046
43.6046
46.8598
43.4095
38.8354
46.8598
43.6504
39.2764
42.2457
46.8598
46.8598
46.9605
56.8852
46.8598
41.8441
48.273
42.2457
46.8598
46.8598
37.053
46.8598
46.8598
42.2457
39.0141
42.2457
46.4559
46.8598
42.2457
32.5388
39.0141
46.8598
39.0141
42.2457
35.4555
35.4406
56.0243
39.0141
42.2457
36.9163
42.0521
49.5139
39.0141
47.0247
52.8419
79.4905
46.8598
39.0141
39.2332
39.0141
43.6087
52.8829
42.3361
56.0261
46.9379
46.8598
68.6892
41.7223
39.0141
35.6269
58.821
39.0141
40.4147
39.2764
50.712
39.0141
43.106
40.4147
43.6087
39.0141
47.0247
46.0891
35.8516
43.6087
39.2332
39.0141
37.2578
43.8292
39.0141
49.7711
50.059
40.5033
35.8623
43.6087
47.7032
39.0141
41.8852
39.0141
60.0575
40.4236
39.3759
40.7741
37.3471
43.2922
39.2766
35.4406
42.4096
53.0514
39.2103
39.0141
34.2337
39.0141
40.5033
43.8062
40.4471
41.6177
39.3896
39.0141
45.4056
57.5092
39.0141
39.0141
39.0141
54.092
39.0141
39.0141
40.4147
39.0141
39.0141
35.8516
43.6087
47.0247
39.0141
45.4189
39.0141
39.0141
40.4273
39.966
38.5281
43.769
57.0757
45.2076
39.0141
35.839
31.2561
53.9798
56.1631
47.0247
37.5025
43.6087
35.839
54.0118
39.2332
56.1631
39.0141
35.9271
60.6661
58.1709
43.8836
35.4555
38.4386
37.5938
42.4205
39.0141
40.7878
39.2764
35.839
35.5168
48.1548
40.4147
31.0796
35.9271
51.3703
46.1449
39.0141
39.966
39.2764
39.1979
39.0141
39.0141
57.1159
39.0141
43.6087
46.1449
38.8906
39.4681
39.0141
38.4511
39.0141
45.3372
43.4348
43.6087
39.0141
40.4147
39.0141
43.6087
44.7246
37.1115
46.3859
39.0141
39.0141
39.0141
39.1979
40.4147
39.0141
39.2764
45.0267
41.9222
39.0141
39.0141
43.6087
39.0141
39.0141
57.0466
38.8161
39.0141
39.0141
39.0141
39.4789
40.4147
50.8741
39.0141
39.2764
39.0141
39.2764
43.6087
46.1449
43.6087
39.0141
39.0141
45.2791
39.0141
48.8985
46.1449
39.0141
40.4381
37.5756
39.0141
35.8516
45.2791
39.0141
55.945
54.4207
32.5664
43.6087
35.8516
43.6087
37.5756
41.4724
40.4255
37.2578
39.0141
39.4018
39.0141
43.6087
39.0141
43.6087
35.8623
39.0141
38.8161
39.0141
46.196
40.8001
41.4236
43.6087
39.0141
47.9212
39.0141
54.0118
43.7954
39.2766
46.1449
39.0141
43.6801
35.9389
46.1657
35.4555
39.0141
39.0141
46.622
39.0141
40.4147
41.4724
53.9798
58.7631
71.0394
36.5403
43.6087
55.804
39.0141
39.0141
35.8498
39.0141
46.7596
38.8598
39.0141
39.0141
39.0141
49.5373
38.8161
55.3861
40.4997
38.8161
35.839
39.0141
60.6249
47.0313
39.0141
39.0141
39.4018
39.0141
39.0141
43.6087
37.2578
53.9576
47.0247
47.7278
38.6994
39.0141
40.4147
53.0348
37.0598
38.8161
39.0141
39.0141
49.889
40.4513
39.2332
39.0141
39.0141
39.2764
39.0141
39.0141
39.0141
52.5697
43.6087
46.9873
48.8559
46.8022
39.4018
40.6744
39.2872
43.6087
42.4096
43.6087
39.2764
39.0141
39.4018
39.2764
43.6087
39.0141
39.0141
39.0141
43.6913
46.8201
43.6087
39.2332
39.0141
62.9762
43.6087
44.9023
46.1657
55.5711
39.0141
39.0141
39.2764
39.2764
39.0141
39.0141
46.4367
52.4005
39.2764
39.0141
39.1869
53.7888
31.0796
33.8747
57.0706
46.1657
39.085
37.0223
39.0141
35.839
39.4018
54.0118
39.0141
39.0141
40.0833
45.347
43.6087
39.0141
39.0141
39.0141
35.9236
35.9389
39.4018
39.2764
39.1979
37.2578
37.5938
39.1869
39.0141
37.4258
57.1391
40.4997
46.1657
39.0141
39.0141
47.0247
54.0246
43.106
45.3372
35.9389
52.5697
39.2764
39.0141
39.0141
39.0141
39.0141
39.0141
43.6087
43.7811
38.3609
45.0166
51.0763
39.0141
39.085
55.9898
41.7363
39.2332
39.0141
43.4498
39.2872
39.2872
39.0141
43.8292
39.3896
39.0141
43.6087
38.8161
51.3665
39.2764
39.0141
39.0141
54.0118
37.0598
35.8498
51.2169
57.2609
38.5142
39.2764
39.0141
45.0267
39.0141
43.6087
42.0775
41.968
39.0141
39.0141
39.0141
39.2764
43.6087
49.3545
39.0141
37.2578
39.0141
55.9297
43.3523
43.4115
43.8292
44.584
39.991
37.053
59.1092
39.0141
40.0289
37.4258
56.972
33.0349
39.2103
40.4147
36.9964
39.1869
36.9964
39.0141
47.0247
38.4386
39.0141
39.0141
39.0141
45.2076
41.5558
46.6817
38.7793
39.0141
37.4391
46.1657
39.0141
39.0141
39.0141
39.085
39.2332
41.5558
41.4555
40.4147
39.0141
42.0521
53.9741
43.9753
56.0527
39.0141
53.9285
40.8666
43.6087
39.0141
55.9297
36.8179
47.0374
39.0141
39.0141
31.2561
34.2337
39.0141
40.4236
39.0141
38.8161
39.0141
39.0141
42.4096
39.0141
55.9424
39.0141
39.0141
39.0141
35.8516
57.1289
39.0141
53.9365
39.0141
47.0247
49.3728
43.6801
39.0141
41.6177
46.9873
43.5329
39.0141
39.0141
40.6033
39.0141
49.3691
36.8179
39.0141
45.0267
49.8136
58.9106
39.0141
55.8669
46.3604
41.5558
43.6087
39.0141
43.6087
40.4381
37.1225
54.1062
39.0141
39.0141
57.5636
39.3896
45.2076
39.1869
48.454
55.9297
43.6087
39.0141
39.0141
55.3861
47.0247
39.2764
49.7858
39.0141
39.0141
56.0527
46.1657
54.0245
56.0213
39.0141
43.8965
40.6033
39.2332
39.0141
39.0141
39.0141
39.0141
46.4636
39.0141
39.0141
43.6087
45.2076
39.0141
39.0141
39.0141
58.7631
39.0141
51.2156
43.6087
35.839
39.2764
39.0141
46.6018
39.0141
43.6087
39.1869
57.3043
37.4258
39.0141
35.6269
43.6087
60.4538
40.4147
39.0141
39.0141
39.0141
39.2103
52.5697
58.7631
39.0141
39.0141
39.2872
55.2694
41.773
38.8598
40.4273
39.0141
39.0141
37.1225
37.053
54.1957
59.0102
40.4513
45.4724
39.0141
39.0141
39.0141
39.0141
40.0289
44.83
38.8161
40.4273
39.0266
71.4994
41.968
38.8161
39.2764
39.2764
52.3633
39.0141
39.0141
39.0141
39.0141
54.0118
35.5323
45.0424
45.1276
47.9594
48.0494
48.1343
47.9721
43.5125
44.5365
52.4681
43.5125
43.5125
33.9637
29.6946
41.3268
41.3268
41.3268
38.7995
38.7716
41.3268
41.3268
41.3268
41.3268
41.3268
40.4381
38.7995
41.3268
41.3268
60.6704
41.3268
41.3268
38.7995
49.9178
41.3268
50.927
40.4273
38.7995
41.3268
41.3268
50.2358
41.3268
41.3268
38.7995
41.3268
38.7995
41.3268
41.8097
49.9178
41.3268
41.3268
41.3268
41.3268
41.3268
41.3268
38.6606
38.7642
41.3268
41.3426
41.3268
60.6288
41.3268
41.3268
49.9178
41.3268
49.9339
38.7995
45.9354
57.7299
41.3268
41.3268
41.3268
41.3268
54.847
41.3268
38.7995
41.3268
38.6606
41.3268
41.3268
41.3268
60.6488
41.2555
38.7594
41.3268
41.3268
41.3268
38.7414
41.3268
41.3268
48.3348
41.3268
41.3268
41.3268
41.3268
55.3719
41.3268
41.3268
41.3268
41.3268
56.7749
41.3268
41.3426
45.9354
41.3268
35.0597
41.3268
60.6288
38.7797
41.3268
47.6611
43.2531
62.2053
45.9354
41.3268
41.3268
41.3268
60.6704
44.2363
47.9805
53.536
38.7414
41.3268
41.2555
56.5356
57.5152
41.3268
41.3268
41.3268
41.3268
45.9354
41.3268
41.3268
45.9354
38.6749
39.3445
41.3268
41.3268
41.3268
36.4373
41.3268
45.9354
41.3268
51.2993
38.6606
60.6288
60.6488
41.3268
41.3268
40.4147
41.3268
53.4954
38.7594
41.3268
41.3268
41.3268
41.3268
41.3268
41.2555
41.3268
41.3268
41.3268
41.3268
39.3445
41.3268
41.3268
41.8097
38.9566
41.3268
41.3268
44.3986
41.3268
41.3268
41.3268
56.3903
49.0257
38.6606
41.3268
38.7594
41.3426
41.3268
41.3268
41.3268
41.3268
41.3268
38.7995
41.3268
41.3268
41.3268
59.6457
45.9354
41.3268
41.3268
41.3268
43.3929
43.3414
41.3268
41.3268
41.3268
38.6606
41.3268
41.3268
59.6457
41.3268
41.3268
38.6606
41.3268
41.3268
50.6261
41.3268
41.3268
41.3268
41.3268
41.3268
60.5553
41.8576
41.3268
38.6606
41.3268
41.3268
41.3268
41.3268
41.3268
38.6606
60.6488
41.3268
51.2858
41.3268
41.3268
41.3268
60.6303
41.3268
43.3538
41.3268
41.3268
41.3268
41.3268
41.3268
41.3268
45.9354
41.3268
41.2555
41.3268
41.3268
41.3268
47.9103
41.3268
41.3268
41.3268
41.3268
41.3268
57.0446
55.7843
41.3268
41.3268
56.8814
41.3268
41.3268
41.3268
43.2656
41.3268
41.3268
41.3268
58.59
38.6606
41.8097
41.3268
35.839
41.3268
41.3268
41.3268
38.7642
41.3268
41.3268
41.3268
41.3268
41.3268
41.3268
41.3268
41.3268
41.3268
39.2922
45.9354
57.9181
43.3695
41.8097
38.6606
41.3268
57.9181
49.4276
41.3268
41.3268
41.3268
41.3268
41.3268
41.3268
41.3268
41.3268
41.3268
41.3426
50.9678
47.9354
43.3574
41.3268
41.3268
49.9178
41.3268
56.903
42.082
55.5626
41.3268
41.3268
45.9354
41.3268
41.3268
41.3268
41.3268
36.3132
43.3526
55.1401
55.8407
41.81
41.3268
44.7104
41.3268
39.1951
41.3268
41.3268
41.3268
45.9354
41.3268
41.2555
41.3268
57.9181
62.8947
43.3929
41.3268
43.9412
41.3268
41.3268
38.7995
41.2555
57.9181
37.2703
47.5213
41.3268
43.9412
41.3268
41.3268
59.5415
56.6634
41.3268
41.3268
41.3268
43.3929
41.3268
41.3268
41.8097
53.7156
47.8092
49.7076
38.6606
41.3268
41.3268
41.3268
45.9893
41.3268
41.3535
38.6606
41.3268
41.3268
41.3268
41.3268
38.7594
41.3268
41.3268
45.9354
37.2733
52.4798
41.2555
44.9666
41.3268
60.6488
38.7995
41.3268
41.3268
41.3268
41.3268
41.3268
41.3268
38.6606
42.3201
41.3268
60.5553
49.9178
41.3268
41.3268
60.6101
41.3268
41.3268
54.9885
41.3268
38.7594
41.3268
41.3268
67.7549
41.3268
41.3268
48.7665
41.3268
56.4569
41.3268
41.3268
39.3445
41.3268
41.3268
41.3268
60.6288
41.3268
41.3268
38.6606
41.3268
41.3268
57.0446
60.6468
56.4569
41.3268
56.411
41.3268
41.3268
61.6377
45.2853
41.3426
41.3268
45.9893
59.963
45.9354
41.3426
41.3268
41.3268
56.5534
41.3268
38.7594
60.6704
43.2531
41.3268
41.3268
41.3268
45.1337
60.6488
42.2161
59.5415
41.3268
41.3268
41.3268
38.8161
60.6704
41.3268
41.3268
41.8097
38.6606
45.9354
41.3268
38.7606
41.3268
41.3268
49.5276
60.6288
41.3268
41.3268
43.3345
59.6457
63.0143
46.8906
41.3268
41.3268
45.9354
41.3268
41.3268
41.3268
60.6488
41.3268
43.3397
41.3268
41.3268
41.3426
41.3268
43.3016
41.3268
41.3268
60.6101
43.9412
45.9354
38.7414
38.7995
41.3268
41.3268
41.3268
41.3268
41.3268
41.3268
45.9354
41.3268
59.6457
41.3268
41.3268
41.3268
41.3268
56.5666
41.3268
45.9354
41.3268
52.3081
41.3268
41.3268
45.9354
41.3268
41.3268
41.3268
41.3268
41.3268
41.3268
60.6704
43.3929
59.6457
41.3268
41.3268
38.7995
49.9178
45.9354
41.3268
41.3268
41.3268
41.3268
41.3268
38.6606
41.3268
56.5848
41.3268
60.6288
41.3268
38.7995
45.2853
38.6895
41.3268
41.3268
41.8244
41.3268
60.6264
45.9354
41.3268
41.3268
39.3001
41.3268
38.7642
41.3268
41.3268
41.3268
41.3268
38.6606
41.3268
38.7414
41.3268
38.7414
41.3268
60.6488
41.3268
60.6101
38.6606
41.3268
41.3268
60.6488
41.3268
45.9354
41.3268
56.5025
41.3268
41.3268
41.419
41.3268
41.3268
41.3268
59.0053
41.3268
41.3268
41.3268
41.3268
38.7594
41.3268
41.3268
41.2555
57.9343
41.3268
41.3268
41.3268
41.3268
45.9354
41.3268
41.8633
38.6895
41.3268
41.3268
41.3268
41.3268
60.6303
41.3268
41.3268
41.3268
43.3503
41.3268
38.6931
41.3268
41.3268
41.3268
41.3268
60.6488
41.3268
43.9412
60.6488
41.3268
60.6288
59.6457
38.6606
60.6259
41.3268
41.3268
41.3268
41.3268
41.3268
41.3268
41.3268
41.3268
60.6101
41.3268
41.3268
38.6606
41.3268
41.2555
41.8633
41.3268
41.3268
41.3268
41.3268
41.2555
41.3268
41.3268
41.3268
43.3929
41.3268
41.3268
41.3268
41.3268
41.3268
45.9513
45.6577
41.3268
41.3268
53.9288
41.3426
47.8367
38.7995
41.3268
41.3268
41.3268
49.5276
41.8254
41.3268
46.7806
41.3268
41.2555
41.3268
41.3268
41.3268
41.3268
38.7594
41.3268
41.3268
49.9339
41.3268
45.9354
41.3268
41.3268
59.6132
41.3268
41.3268
41.3268
48.2903
41.3268
41.3268
41.3268
41.3268
62.103
41.3268
40.2259
41.3268
41.3268
49.7355
41.3268
41.3268
41.3268
41.8097
45.9354
41.3268
