time
46.4097
31.1011
50.9235
51.4762
44.5148
45.783
49.9351
51.2666
49.5223
34.1437
51.2717
31.2109
38.8161
39.9478
41.3301
51.9169
37.2637
41.8441
48.4256
43.0903
47.828
34.593
41.6942
31.2023
53.0387
50.4881
45.9387
55.3633
40.9724
31.2023
35.7503
33.0101
35.7503
35.7669
32.9881
46.358
46.4018
35.7503
52.4467
43.4029
35.7503
42.9631
35.7503
48.0734
39.9425
39.6942
60.67
49.3378
37.0646
40.4455
38.8547
47.9198
59.9573
35.7419
41.8143
35.7503
35.8616
43.7878
57.3232
38.0434
46.8931
39.4129
39.2505
43.0136
50.5346
35.8698
38.5142
39.9939
37.5395
42.2806
41.8143
41.8143
46.8949
51.2875
64.5584
46.387
46.8949
31.2023
41.368
41.8143
46.4259
34.1259
48.273
52.8145
44.6441
49.6655
43.7878
46.4259
39.9739
56.1631
46.8949
38.4224
32.9734
41.3015
38.8547
46.8949
47.5353
32.9904
31.1784
37.556
38.4224
38.3868
29.6574
38.7462
51.2487
38.8547
36.3934
38.6935
35.886
41.7719
38.7462
38.8828
41.9961
36.4971
32.9734
38.9566
41.8955
38.7618
45.8065
40.0289
44.9227
43.3299
55.8436
50.8736
38.6608
41.7719
41.8955
41.7719
44.4179
43.6959
50.2706
43.2864
35.6195
33.911
32.9892
39.4129
47.1792
52.9084
35.5211
51.3031
35.8973
35.5211
51.8803
37.5324
41.7719
41.2555
40.4147
44.3411
41.7512
40.0949
52.5185
49.3485
35.789
44.3219
38.8547
43.0202
43.8695
42.444
41.2555
46.0428
52.2704
44.3034
41.0766
48.288
41.3921
41.8955
35.9023
41.7719
35.9423
38.6888
55.1533
35.839
38.6935
46.3833
50.3516
33.5578
46.6087
58.571
43.3395
31.0368
43.2762
38.6875
41.7565
38.6935
58.8816
45.8669
41.8955
38.75
32.9695
41.7719
38.6935
38.0816
53.2397
32.9734
41.3268
38.9113
36.4971
46.3154
46.5076
61.5209
41.7719
38.75
59.061
31.0189
38.7767
41.7719
52.0414
46.5076
40.4598
38.6935
41.7719
46.3833
33.8424
46.5076
39.7881
42.8945
40.5186
46.5076
38.5163
35.9009
47.8238
47.8891
41.7719
41.7719
43.1818
46.9775
38.6667
39.0985
56.431
35.9423
43.1019
40.2562
53.8746
41.8955
39.2764
41.237
35.4269
38.7056
56.2063
50.6905
46.7139
46.4215
46.3617
58.3929
36.0084
36.9987
39.0794
71.5861
38.6935
41.3301
40.5166
40.4147
38.7056
38.6935
56.815
38.7087
37.5478
40.4719
34.5306
46.3517
56.5133
38.5153
36.7098
38.6608
40.5186
54.8133
54.7524
59.1243
62.0153
39.4129
32.8659
43.3839
43.1019
43.2534
35.7582
54.1134
38.7767
44.7649
33.5578
55.6134
37.5506
38.6608
36.8745
47.7959
32.8678
32.9739
44.7067
43.1997
40.436
61.005
32.8515
38.6935
31.0341
39.9175
45.6752
46.5076
38.6703
38.1199
38.7056
44.8327
41.3268
43.9164
46.5076
41.7719
38.4421
46.3573
41.3268
47.7986
39.9475
47.3221
53.6779
41.3007
41.237
37.532
46.1089
40.2576
41.8955
32.8885
46.0819
46.2317
40.3461
65.1368
58.4689
40.9894
35.7801
43.0202
43.7853
52.8726
40.4783
43.0202
58.4885
46.9723
44.8584
46.708
43.2821
41.2372
46.3154
35.8698
32.9734
46.3684
43.0202
35.9423
46.047
44.622
41.8955
40.9724
56.3653
35.5991
44.8584
43.3016
35.9423
68.2453
50.2354
41.2555
58.6075
69.9574
46.4213
38.6935
34.2666
38.7087
61.0271
35.5211
50.8214
39.3544
46.3617
38.7087
38.9566
55.8608
40.9256
46.2168
46.7293
46.3833
46.3833
41.2866
37.4257
38.6935
56.9356
40.4455
38.6667
48.228
54.7487
41.8955
37.532
35.8973
39.2328
40.6892
56.8219
43.8461
38.9588
38.4878
31.0189
35.8738
37.292
56.3493
38.75
51.3846
32.8885
45.1826
56.904
38.7847
49.2893
41.7719
38.7421
41.7719
37.5506
40.4221
32.9739
40.4493
50.2343
38.75
40.9724
41.7719
46.3833
42.3884
47.9387
38.6667
44.7123
41.3268
38.6835
43.3659
38.5102
58.4797
38.7673
41.0766
39.6858
36.3914
41.8955
41.7719
45.0373
48.0162
64.7461
38.7056
52.1082
41.3268
38.6935
47.9069
41.7719
41.0766
35.0597
72.6577
35.8734
38.7193
32.9739
48.9954
46.3833
41.7719
46.0968
47.4153
39.9362
34.4081
40.4455
41.7719
46.4005
40.436
39.6287
41.237
41.8955
58.9718
47.7959
36.4971
46.3833
40.5186
32.9031
46.3833
35.4987
35.8734
33.0101
43.942
44.8598
47.6238
51.7334
46.3833
41.8955
50.9453
38.6935
35.3746
49.4707
41.7719
35.9423
41.7129
40.9704
50.2354
41.8955
32.9919
44.01
38.2856
35.5659
38.6667
40.1108
41.7719
40.4345
43.2342
35.8093
46.3833
46.3833
44.5113
40.5186
56.5163
42.813
46.9474
41.2555
75.9501
41.8955
35.9423
38.7349
32.9919
52.8835
41.8955
43.3031
44.9796
59.5073
41.3268
41.7719
43.3352
41.7719
46.1437
53.7731
38.6935
33.5198
41.8955
48.0138
39.6838
46.0968
41.3268
41.8955
40.3681
38.7919
49.3964
41.7719
41.1134
48.4286
46.3624
32.9739
44.7134
32.9734
32.9739
38.6935
41.4565
39.2296
38.6667
47.8815
35.9423
39.311
44.5113
32.8678
46.6825
38.6935
46.3833
68.0554
62.0889
56.1101
49.9601
43.0925
35.5838
38.4768
42.0421
30.9131
36.4971
51.4031
35.789
46.4005
46.8557
38.6835
46.3833
38.9566
42.022
32.8689
39.4407
35.4606
41.7719
69.3561
53.5273
59.3786
38.792
41.237
47.7326
46.1897
38.7056
31.0189
43.2945
46.5076
54.1075
59.0252
41.8955
38.6935
35.9423
37.5506
38.6667
35.6195
36.4971
50.2652
37.5478
38.6935
35.5659
44.7255
38.5533
44.34
43.2762
35.7671
61.6063
39.3635
36.9163
31.0189
56.655
43.2762
41.8955
37.569
42.2821
41.0922
41.7564
42.2036
52.4776
62.049
33.4924
49.795
41.7718
35.4555
32.8678
46.9452
38.679
40.347
50.2931
42.6269
37.3026
40.4582
32.8678
46.2629
41.9961
39.4129
46.3786
53.8133
46.4213
44.8327
46.8439
36.3469
41.3268
48.8943
31.0368
37.0414
35.4606
41.2555
38.6935
38.6935
38.8842
43.3299
41.237
45.3001
41.7045
41.0766
40.344
43.2762
32.9739
51.1599
44.807
39.4081
47.4602
32.8689
47.8196
40.3955
33.9377
34.4081
32.9734
44.2945
39.2549
43.2636
43.3952
35.5211
35.9009
33.0101
44.2272
54.9423
40.436
37.5491
33.6559
49.8291
54.6103
46.5076
54.1536
41.7719
38.7767
43.3983
45.9266
52.8217
31.0189
41.3268
35.8495
46.3833
46.3772
72.2139
47.8893
38.7821
41.8955
46.5076
40.0949
58.5672
43.0243
46.8658
55.1817
47.7369
43.0621
44.3172
53.697
43.2762
68.1645
43.2949
70.6972
36.7306
35.7416
40.3201
47.5322
36.7198
47.412
42.2599
31.0354
40.8665
48.9486
31.0189
31.0145
46.3976
33.9377
40.3681
38.4421
56.9707
38.5872
49.3477
41.8955
68.2928
