time
57.9324
42.5502
47.0594
48.3865
60.4491
50.4933
60.7128
75.4466
48.4112
52.6536
41.8045
41.7889
47.9504
40.0432
41.4722
61.9946
54.2573
60.1551
67.3028
49.522
39.9475
65.3791
49.1795
61.4309
41.2964
45.3688
55.6455
36.9998
63.1305
66.5916
66.6209
66.2798
74.4461
67.5482
49.6978
71.1121
71.1121
71.1121
49.5972
49.685
49.613
46.1114
59.9325
71.1121
65.2439
68.3127
80.2828
72.2824
49.5182
46.3054
58.9403
63.6564
49.5972
44.7708
55.7322
44.7708
49.5972
56.9705
49.5905
60.2996
44.7708
44.7641
55.604
49.5972
44.7708
44.7708
49.4001
46.0807
45.9326
44.7641
44.794
44.7708
51.0332
44.7708
46.4007
44.3762
49.4001
71.1121
50.6183
53.496
58.6145
71.1121
44.7708
49.6978
44.7708
71.1121
44.7708
49.4001
44.7708
44.7708
49.5972
51.0165
46.394
49.3935
44.8706
49.4001
71.1121
49.4001
55.7485
46.4708
44.96
72.8185
55.5738
44.7708
45.9816
66.3499
44.7799
49.5007
71.1121
44.7708
66.3499
54.3443
66.3499
44.7708
55.3037
49.5972
44.7708
44.864
44.7641
44.7708
49.5972
49.6911
49.5972
44.7708
50.6414
49.4001
46.3773
44.7708
49.4001
64.4713
51.0332
44.7641
55.8194
71.1121
47.5907
71.1121
71.1121
44.7708
47.5187
47.687
49.5905
44.7708
52.2641
44.7708
49.5972
44.7951
44.7708
41.4506
44.7708
51.0098
44.7708
49.7814
52.2092
44.699
52.1082
48.7621
44.7708
49.4001
50.6183
49.4001
44.7708
49.5972
44.7708
71.1121
56.8296
61.6665
44.8706
44.7708
51.9764
44.794
44.7708
68.835
56.8985
44.7708
56.8215
49.613
44.7708
71.1121
52.1082
47.8999
44.8706
77.321
49.5972
44.7708
44.7708
44.3991
44.7708
47.9607
44.794
49.4001
44.6922
44.9666
47.5907
58.2292
44.7708
47.8191
44.7641
44.7708
44.7708
50.6183
49.3935
44.7708
56.8985
62.9269
49.4001
44.7641
49.5972
44.7951
50.6183
44.7708
46.4774
44.7708
49.418
44.7708
44.7641
56.9088
49.3935
44.8706
47.1227
47.4011
44.7708
55.5651
44.699
49.6911
44.7708
49.5007
44.7708
46.6548
63.4247
44.7708
49.1762
63.9879
46.0658
71.1121
60.4174
55.3037
44.9666
53.4497
42.9887
50.6183
56.8985
71.1121
66.3499
44.7708
66.3499
53.6772
71.1121
49.6978
44.7708
49.0219
44.7641
41.4564
49.4001
53.8432
44.7708
56.8215
49.5905
44.7641
44.7641
44.7641
71.1284
66.3499
47.827
55.492
49.4001
64.2657
44.7708
44.7708
57.118
44.7708
49.6142
52.1082
44.7708
44.7708
49.5972
51.0645
47.8236
55.0065
44.7708
49.3935
49.4001
57.354
50.6574
40.046
62.7351
44.7641
48.9606
52.3193
56.9346
64.2657
56.5663
49.3935
44.7708
44.7708
