time
50.7459
47.7038
44.7853
60.1172
38.8722
54.2301
69.5087
44.3518
44.0477
35.8434
45.6886
60.0368
43.4095
52.2895
51.1787
39.2332
51.5222
58.3365
38.8161
45.4791
38.8161
43.0224
43.4095
43.4095
45.1618
40.4147
38.8161
35.839
51.408
57.9371
50.4349
39.6581
53.8454
62.8632
64.5373
39.6049
44.203
49.6043
43.2647
36.7196
47.2587
40.4324
60.0729
47.6849
46.0544
43.1399
38.8997
59.5731
41.4451
35.5251
66.2739
51.2618
46.3604
44.4326
42.116
38.8094
50.8181
41.7789
60.2861
80.5628
55.9214
55.8712
54.1761
57.4395
71.179
46.3502
46.3903
68.3824
58.4852
46.3604
55.6027
36.8354
43.4002
55.893
52.51
48.416
44.3943
50.7148
46.387
38.8094
69.9482
66.4392
72.1246
45.2958
51.2607
42.364
53.97
61.1518
63.6434
74.5238
62.9753
53.9981
53.9981
45.2958
41.7789
55.8573
57.0943
39.2764
41.8978
56.3579
58.0614
41.7789
71.5086
58.9976
54.3156
58.587
46.3903
71.1062
67.7164
50.7032
52.4221
39.2764
56.9849
46.7633
41.7789
57.0943
41.7789
59.0152
38.8094
44.7324
43.8726
58.9618
47.4047
42.137
56.9595
57.0764
53.9019
52.9019
39.2764
