time
48.2362
41.5408
57.0378
39.9603
47.0299
38.8161
50.9551
43.1649
35.8867
51.5742
57.3624
35.839
52.5832
57.4054
40.3996
37.479
49.9409
46.2821
54.3035
31.1419
66.7958
53.6231
51.4275
51.7834
34.0987
46.4239
43.4095
43.4095
38.8161
38.8161
57.1101
53.1712
38.8842
38.8161
43.4095
38.8161
43.4095
43.4095
38.8161
46.8949
40.4524
43.4095
43.4095
38.8161
49.4879
38.5533
38.5533
49.079
49.8013
54.2683
53.3734
68.512
53.356
48.3073
49.6094
49
46.2225
57.0992
43.4095
40.4493
41.4281
39.4129
49.8878
43.4095
54.1075
43.4095
43.4095
42.2806
43.4095
39.7819
39.311
41.4281
40.4487
38.8161
43.6869
38.7995
41.4236
38.8161
39.4129
41.4236
38.8161
53.9402
40.6377
38.8161
51.0879
46.0374
54.0315
49.3757
39.4129
49.8878
39.4455
46.8907
35.8698
46.8949
35.9403
41.0019
38.8161
41.4281
40.3969
38.8161
43.3929
42.1653
41.4281
41.3317
38.8161
43.4095
43.4095
56.8605
43.4095
38.8161
40.4899
38.8161
43.4095
37.9054
43.7878
51.2169
43.4095
50.4798
39.4129
41.0019
38.8161
45.9868
35.9138
38.8161
55.6751
38.8161
39.4129
41.4281
43.8173
32.5161
56.542
41.4281
59.7806
41.4281
31.0324
49.891
44.4268
52.8596
51.4086
55.6564
49.5668
49.8756
66.0232
41.8348
50.3743
65.6636
43.6764
41.8348
43.2173
56.6791
52.1717
61.8715
57.7526
55.6715
64.3784
49.4094
55.295
46.2783
57.8717
52.2649
46.6042
49.4339
50.3711
57.8768
38.6249
61.7746
50.3743
49.1891
41.4564
55.8351
38.6249
39.7951
55.3727
55.2314
49.64
56.8386
57.8697
60.2338
54.1976
46.06
52.2578
44.4268
49.0217
56.2351
52.3695
55.3795
47.792
39.7951
58.4083
38.6249
43.0414
49.2265
46.7567
47.792
43.6071
61.537
58.2889
56.7683
56.4876
67.5728
43.2173
55.0288
51.8725
53.883
60.1088
53.883
56.6455
57.9101
44.4268
55.0122
38.6249
53.883
39.2156
38.6249
49.2265
38.6249
51.5202
38.6249
43.2354
51.965
38.6039
56.6528
56.8443
51.1932
41.2031
49.4475
58.5468
52.0577
55.2107
48.8332
44.4
57.0644
49.4776
39.1064
53.883
56.7165
61.3591
52.0577
49.2265
36.8734
52.0577
49.2436
55.4144
68.935
44.8461
48.8541
55.7853
39.7951
60.1383
53.3189
69.5489
62.5381
45.9981
48.3792
53.883
39.7951
66.4586
55.4995
44.7799
49.6362
59.8819
59.6514
40.213
44.7799
46.4071
48.981
54.039
41.1653
59.5589
44.5301
51.3943
66.0462
50.3838
46.7567
58.0856
47.687
51.9996
57.38
73.4476
57.38
52.4224
38.6249
54.4293
49.8417
52.2962
45.7483
56.5263
46.7533
52.0577
44.8179
44.7799
39.7951
49.6173
54.9871
46.1398
38.6249
59.934
41.5511
49.2436
39.9109
53.883
52.0903
44.7799
54.8546
43.2173
60.4893
60.3548
56.6528
38.6249
45.029
57.2625
53.883
58.2889
52.0451
57.7486
35.6715
52.6846
57.8768
57.8768
46.1888
59.9798
49.4114
52.4759
39.7951
41.7104
49.1891
40.213
58.3833
38.6249
43.2173
57.7486
44.5781
59.8276
46.0868
72.3814
57.4512
52.2078
56.8393
38.6249
38.6249
49.3648
52.0577
39.7951
69.8722
52.0198
56.646
79.0637
53.8455
53.9912
44.3945
56.5351
46.4251
44.8247
50.4444
38.6249
49.3315
44.8032
49.4094
43.6764
55.5386
52.1347
57.8768
55.6417
45.1358
38.5789
59.6551
