28.1069
26.6597
26.6367
28.1706
28.1892
28.1069
26.6597
26.6367
28.1706
28.1892
29.5174
26.7296
31.1792
30.0524
30.0524
30.9304
28.1069
28.2824
26.6182
26.6597
31.0766
31.2511
26.6367
26.7296
27.9951
27.9951
26.6367
26.6597
30.0524
26.7296
26.6367
28.1892
28.1892
26.6597
28.1706
29.6416
26.7296
26.6597
26.7296
26.7296
26.6182
28.1706
29.9403
29.5571
28.1892
28.1892
28.0368
28.1069
28.2824
26.6367
29.5473
26.6182
26.6182
26.7296
26.6367
29.5328
26.6367
30.0524
26.7296
28.1069
28.2824
28.2824
26.7296
28.1069
26.6182
26.7296
28.1892
28.1069
29.5195
26.6182
31.1808
29.6171
28.2123
26.7296
28.2123
27.9951
29.6171
29.6416
26.7296
28.0368
26.7296
29.5571
26.6182
30.9338
26.7296
26.6367
26.6367
26.6597
26.6597
26.6597
26.6367
28.1892
26.6182
28.2824
26.6367
30.9217
28.2123
29.5473
26.6597
26.6597
26.7296
29.5688
26.7296
26.7296
26.6367
28.1706
28.2824
26.7296
28.1892
26.7296
28.1706
26.7296
26.7296
29.5271
26.6182
28.2824
27.9951
28.0137
28.1706
28.1069
26.6367
29.6448
28.0368
28.1892
26.6597
27.9951
28.1706
27.9951
29.9403
29.6581
29.5463
26.6367
26.6182
26.6182
28.2824
26.6367
26.6367
26.6597
26.6367
26.6597
26.7296
28.2824
27.9951
26.6182
29.9403
31.0429
28.2123
29.9403
26.6182
28.2123
28.1706
29.6273
28.0368
29.5156
26.6367
28.2123
26.7296
28.2824
26.6597
28.0368
26.6367
26.6182
26.6597
26.7296
26.7296
27.9951
28.0137
26.6367
26.7296
27.9951
26.6182
29.5688
26.7296
29.5467
29.9403
26.6367
26.6182
26.6597
26.6182
28.2824
26.7296
28.0368
28.1892
26.6597
28.1069
30.0524
29.6171
26.7296
28.2824
26.7296
29.6581
26.6597
28.2824
26.7296
31.2029
26.7296
28.0368
26.6182
26.6367
28.2824
26.6597
26.6182
28.1069
31.2194
28.2123
26.6367
26.6182
26.6597
26.6367
26.6367
26.6597
26.6597
28.2824
26.6597
27.9951
29.6416
26.7296
26.7296
28.1069
28.1069
26.6182
28.1706
26.6367
29.5271
29.9589
26.6367
26.7296
29.9403
26.6597
26.6182
28.1892
28.2824
26.7296
28.1706
26.6182
27.9951
29.5387
28.2824
28.2824
26.6367
29.9821
26.6182
28.2123
29.5473
26.6597
26.6367
29.5174
29.6416
26.6367
32.8964
28.2123
26.7296
29.9403
32.8663
28.0137
29.6581
29.5473
28.1069
26.6367
28.1706
28.2824
26.6367
26.6597
26.6597
28.2123
26.6597
26.6367
29.5342
29.5328
26.6367
26.7296
26.6367
26.6182
28.1706
31.1808
28.2824
31.0881
28.0368
26.6597
28.1892
26.6367
26.7296
26.7296
28.2123
28.1892
26.6597
28.1892
26.7296
29.6598
26.6367
27.9951
26.7296
30.5158
26.7296
28.0137
26.6182
26.6597
26.6597
28.2123
29.9821
28.1706
26.7296
29.6448
28.2824
28.2123
26.7296
28.2824
26.6367
32.4889
28.1069
26.6597
26.6182
30.0524
28.1706
30.9217
26.6597
28.2824
26.6367
26.6182
26.6367
29.6179
28.1069
31.1391
26.6182
26.7296
29.5473
26.7296
28.0137
28.1892
26.6367
26.6367
26.6182
29.5467
28.0137
26.6597
29.9403
28.2824
28.0137
26.6367
26.6367
29.9403
29.5688
31.1792
26.6182
28.1069
26.6367
26.6597
26.7296
28.1892
28.1069
26.6182
29.6416
28.2123
26.7296
26.6182
28.2824
26.6597
28.1069
28.1892
26.6597
30.0524
27.9951
28.2824
26.6597
30.0524
26.6597
26.7296
29.5156
28.2824
29.6448
26.7296
26.7296
26.7296
29.5271
28.1892
28.2123
28.1892
28.1069
26.6182
26.7296
27.9951
26.6182
26.7296
28.1069
30.0524
29.6581
26.6367
27.9951
26.6597
26.6367
28.1069
26.6367
26.6182
27.9951
28.1706
28.0368
28.0137
29.6392
29.6171
28.2824
26.6367
28.1069
27.9951
28.0137
26.6367
29.6598
31.024
28.0137
28.2123
28.2824
26.7296
26.7296
28.0368
26.6367
28.2824
31.0027
30.9131
28.0137
26.7296
26.6367
26.7296
26.6182
28.0137
28.1069
29.6416
26.6597
31.1576
28.1069
29.6416
26.6182
26.6367
31.0027
29.9403
26.7296
29.6416
29.6581
26.6367
29.9589
26.7296
28.2824
27.9951
26.7296
26.7296
26.7296
28.1069
26.6597
31.1576
26.6597
27.9951
29.5473
28.0368
29.5473
26.6182
28.2123
28.2824
26.7296
26.6367
26.6367
26.7296
28.2824
28.2824
26.6182
28.1069
26.6597
28.2824
30.9188
28.1069
30.9102
29.5195
26.6182
26.7296
26.6597
28.1892
28.1069
26.7296
26.6597
26.6182
28.1706
28.0137
29.5342
28.1069
26.6182
26.7296
26.6182
28.2824
29.9821
29.9403
28.0137
31.0429
26.6182
26.6597
26.6182
31.1576
29.6179
29.5473
28.1069
26.7296
29.4772
26.6367
29.6416
32.4324
26.7296
26.7296
26.6367
26.6597
28.1069
29.4772
26.6182
26.6367
26.6182
27.9951
32.4692
28.1069
28.2824
26.7296
26.7296
26.7296
31.2005
26.6367
28.0368
30.9204
26.6182
26.6182
26.6367
26.6182
26.6182
27.9951
28.0368
26.6597
28.1706
26.6182
28.1069
26.6597
26.7296
26.6367
28.1069
26.7296
26.6182
29.6179
26.6182
26.6182
28.1069
26.6597
28.2824
28.1069
26.7296
28.1069
29.5342
28.2824
26.6367
26.6367
26.6597
28.1892
28.1892
28.1069
28.1892
26.7296
28.2824
26.6597
28.0368
27.9951
28.0137
26.6182
26.7296
26.6367
29.6581
26.6182
31.1576
26.6597
28.0368
26.6367
27.9951
26.6367
26.7296
29.9589
26.6367
29.9589
28.1892
26.7296
26.6597
26.7296
29.5473
28.1892
29.4772
26.6182
29.5387
26.6597
29.9589
26.6597
26.6182
26.7296
32.878
28.2824
28.0137
29.5571
26.6367
28.2824
29.5688
28.2123
26.7296
29.9589
28.1892
26.6597
28.0368
27.9951
29.6179
26.6367
26.6182
28.2123
29.5458
31.0265
26.6182
26.6597
26.6367
26.6597
26.6367
27.9951
26.6182
28.1069
31.0429
28.0368
29.6598
29.5271
26.7296
26.7296
26.6182
26.7296
26.7296
26.7296
29.4772
29.5473
26.6367
26.6182
26.7296
28.0368
28.0368
26.6367
28.1892
29.6598
28.1892
26.6367
26.6182
29.5328
26.7296
26.6367
26.7296
26.6182
28.0137
26.6367
28.2824
26.7296
31.2029
26.6182
28.0368
28.2824
26.6182
26.6182
28.2824
26.6367
26.6597
26.6367
29.5328
30.939
28.0137
28.1069
27.9951
26.7296
28.0368
28.2824
26.7296
28.2824
28.2824
26.6597
28.2123
26.6367
28.2824
28.2824
28.1706
26.6367
27.9951
27.9951
28.1069
26.7296
26.7296
26.6597
26.6367
27.9951
26.6367
26.6367
28.2123
26.6367
28.0368
26.6367
28.0368
26.7296
29.5688
29.9403
26.7296
29.6416
28.1892
26.7296
29.5267
28.1706
28.2123
28.1069
28.1892
28.1069
30.9805
26.6597
28.1069
26.6597
26.6367
26.7296
27.9951
29.5458
26.7296
26.6367
26.6597
28.1706
26.6182
26.6597
32.5663
26.6367
28.2824
28.0137
26.6182
29.6273
26.7296
28.1069
26.6367
29.6179
26.7296
26.6597
29.6179
28.1069
26.6182
26.6182
27.9951
26.6367
29.5271
28.1892
29.9821
28.1892
29.6273
26.7296
28.1706
28.1892
28.2123
28.2123
29.9403
26.6367
26.6597
28.1892
26.6367
28.0137
26.7296
28.2123
28.1706
28.2123
28.2123
28.2824
27.9951
28.2824
26.6182
26.7296
26.6182
26.6367
28.2824
26.7296
29.9403
26.7296
26.7296
26.6182
28.0137
26.6367
28.0137
26.7296
26.6597
28.0137
26.6182
28.0368
28.2824
26.7296
26.6367
28.1706
28.2123
26.6367
26.7296
29.5473
29.9821
28.2824
26.6597
26.6597
26.7296
28.1706
26.6367
28.1069
27.9951
31.0805
28.1706
28.2123
26.7296
29.6448
26.6367
32.4707
26.6367
28.2123
26.6182
28.2824
28.2824
30.0524
29.5571
29.9403
26.6182
26.6597
26.7296
26.6182
28.1706
26.7296
29.5467
29.6392
29.5156
29.6416
28.1069
29.5174
26.7296
26.6367
29.5473
32.4324
29.5744
29.5195
26.6182
28.1706
26.6597
26.7296
28.1706
28.2824
26.6367
29.6416
29.6392
28.1069
26.6367
26.6367
26.6597
26.7296
29.5195
26.7296
26.6182
26.7296
26.6182
28.0137
26.6597
26.7296
26.6182
26.7296
26.6367
26.7296
26.6367
26.6367
26.6597
28.2123
27.9951
26.6367
26.6367
26.6597
30.0524
26.7296
26.6597
26.7296
28.2824
28.2824
32.5663
29.9821
28.0137
26.6597
26.7296
28.0368
29.6273
26.6367
26.6367
28.2123
29.5473
26.7296
26.6182
29.5458
26.6367
28.2123
28.2123
28.0137
28.2824
26.6182
26.7296
26.6597
26.6367
28.2123
29.5342
29.6392
26.7296
29.4772
26.7296
31.1576
26.6597
26.7296
26.7296
28.2123
28.1069
28.1706
28.1892
26.6597
28.0137
26.6182
29.9589
30.0524
29.9821
26.7296
28.1069
26.6182
28.1069
28.2123
28.2123
26.6367
28.2824
28.1069
26.6367
26.7296
29.9589
29.9403
29.6273
26.7296
28.0368
28.0137
26.7296
28.1706
26.6182
29.4772
26.6182
29.6416
26.6367
30.9411
29.6171
29.9403
26.6597
26.7296
29.5467
28.0368
29.6392
28.1706
28.1706
28.1892
26.6182
26.7296
28.1069
29.9403
29.6416
26.6597
26.6367
26.6182
29.6581
26.7296
26.6597
29.5458
26.6597
29.5688
26.6597
26.7296
26.6367
26.6367
29.5458
26.7296
26.6367
30.8823
26.7296
26.6182
28.1892
30.0524
28.2824
26.6597
26.7296
26.7296
28.1069
26.6367
29.4772
28.1069
26.7296
26.6182
28.1706
26.6367
26.6597
31.2212
28.2824
26.6367
26.6182
29.6273
26.6182
28.1706
26.6367
26.6367
26.6182
29.5342
26.7296
26.7296
28.1706
28.1892
26.6597
29.6598
28.1069
26.6597
26.6367
28.1706
28.1892
29.5174
26.7296
31.1792
30.0524
30.0524
30.9304
28.1069
28.2824
26.6182
26.6597
31.0766
31.2511
26.6367
26.7296
27.9951
27.9951
26.6367
26.6597
30.0524
26.7296
26.6367
28.1892
28.1892
26.6597
28.1706
29.6416
26.7296
26.6597
26.7296
26.7296
26.6182
28.1706
29.9403
29.5571
28.1892
28.1892
28.0368
28.1069
28.2824
26.6367
29.5473
26.6182
26.6182
26.7296
26.6367
29.5328
26.6367
30.0524
26.7296
28.1069
28.2824
28.2824
26.7296
28.1069
26.6182
26.7296
28.1892
28.1069
29.5195
26.6182
31.1808
29.6171
28.2123
26.7296
28.2123
27.9951
29.6171
29.6416
26.7296
28.0368
26.7296
29.5571
26.6182
30.9338
26.7296
26.6367
26.6367
26.6597
26.6597
26.6597
26.6367
28.1892
26.6182
28.2824
26.6367
30.9217
28.2123
29.5473
26.6597
26.6597
26.7296
29.5688
26.7296
26.7296
26.6367
28.1706
28.2824
26.7296
28.1892
26.7296
28.1706
26.7296
26.7296
29.5271
26.6182
28.2824
27.9951
28.0137
28.1706
28.1069
26.6367
29.6448
28.0368
28.1892
26.6597
27.9951
28.1706
27.9951
29.9403
29.6581
29.5463
26.6367
26.6182
26.6182
28.2824
26.6367
26.6367
26.6597
26.6367
26.6597
26.7296
28.2824
27.9951
26.6182
29.9403
31.0429
28.2123
29.9403
26.6182
28.2123
28.1706
29.6273
28.0368
29.5156
26.6367
28.2123
26.7296
28.2824
26.6597
28.0368
26.6367
26.6182
26.6597
26.7296
26.7296
27.9951
28.0137
26.6367
26.7296
27.9951
26.6182
29.5688
26.7296
29.5467
29.9403
26.6367
26.6182
26.6597
26.6182
28.2824
26.7296
28.0368
28.1892
26.6597
28.1069
30.0524
29.6171
26.7296
28.2824
26.7296
29.6581
26.6597
28.2824
26.7296
31.2029
26.7296
28.0368
26.6182
26.6367
28.2824
26.6597
26.6182
28.1069
31.2194
28.2123
26.6367
26.6182
26.6597
26.6367
26.6367
26.6597
26.6597
28.2824
26.6597
27.9951
29.6416
26.7296
26.7296
28.1069
28.1069
26.6182
28.1706
26.6367
29.5271
29.9589
26.6367
26.7296
29.9403
26.6597
26.6182
28.1892
28.2824
26.7296
28.1706
26.6182
27.9951
29.5387
28.2824
28.2824
26.6367
29.9821
26.6182
28.2123
29.5473
26.6597
26.6367
29.5174
29.6416
26.6367
32.8964
28.2123
26.7296
29.9403
32.8663
28.0137
29.6581
29.5473
28.1069
26.6367
28.1706
28.2824
26.6367
26.6597
26.6597
28.2123
26.6597
26.6367
29.5342
29.5328
26.6367
26.7296
26.6367
26.6182
28.1706
31.1808
28.2824
31.0881
28.0368
26.6597
28.1892
26.6367
26.7296
26.7296
28.2123
28.1892
26.6597
28.1892
26.7296
29.6598
26.6367
27.9951
26.7296
30.5158
26.7296
28.0137
26.6182
26.6597
26.6597
28.2123
29.9821
28.1706
26.7296
29.6448
28.2824
28.2123
26.7296
28.2824
26.6367
32.4889
28.1069
26.6597
26.6182
30.0524
28.1706
30.9217
26.6597
28.2824
26.6367
26.6182
26.6367
29.6179
28.1069
31.1391
26.6182
26.7296
29.5473
26.7296
28.0137
28.1892
26.6367
26.6367
26.6182
29.5467
28.0137
26.6597
29.9403
28.2824
28.0137
26.6367
26.6367
29.9403
29.5688
31.1792
26.6182
28.1069
26.6367
26.6597
26.7296
28.1892
28.1069
26.6182
29.6416
28.2123
26.7296
26.6182
28.2824
26.6597
28.1069
28.1892
26.6597
30.0524
27.9951
28.2824
26.6597
30.0524
26.6597
26.7296
29.5156
28.2824
29.6448
26.7296
26.7296
26.7296
29.5271
28.1892
28.2123
28.1892
28.1069
26.6182
26.7296
27.9951
26.6182
26.7296
28.1069
30.0524
29.6581
26.6367
27.9951
26.6597
26.6367
28.1069
26.6367
26.6182
27.9951
28.1706
28.0368
28.0137
29.6392
29.6171
28.2824
26.6367
28.1069
27.9951
28.0137
26.6367
29.6598
31.024
28.0137
28.2123
28.2824
26.7296
26.7296
28.0368
26.6367
28.2824
31.0027
30.9131
28.0137
26.7296
26.6367
26.7296
26.6182
28.0137
28.1069
29.6416
26.6597
31.1576
28.1069
29.6416
26.6182
26.6367
31.0027
29.9403
26.7296
29.6416
29.6581
26.6367
29.9589
26.7296
28.2824
27.9951
26.7296
26.7296
26.7296
28.1069
26.6597
31.1576
26.6597
27.9951
29.5473
28.0368
29.5473
26.6182
28.2123
28.2824
26.7296
26.6367
26.6367
26.7296
28.2824
28.2824
26.6182
28.1069
26.6597
28.2824
30.9188
28.1069
30.9102
29.5195
26.6182
26.7296
26.6597
28.1892
28.1069
26.7296
26.6597
26.6182
28.1706
28.0137
29.5342
28.1069
26.6182
26.7296
26.6182
28.2824
29.9821
29.9403
28.0137
31.0429
26.6182
26.6597
26.6182
31.1576
29.6179
29.5473
28.1069
26.7296
29.4772
26.6367
29.6416
32.4324
26.7296
26.7296
26.6367
26.6597
28.1069
29.4772
26.6182
26.6367
26.6182
27.9951
32.4692
28.1069
28.2824
26.7296
26.7296
26.7296
31.2005
26.6367
28.0368
30.9204
26.6182
26.6182
26.6367
26.6182
26.6182
27.9951
28.0368
26.6597
28.1706
26.6182
28.1069
26.6597
26.7296
26.6367
28.1069
26.7296
26.6182
29.6179
26.6182
26.6182
28.1069
26.6597
28.2824
28.1069
26.7296
28.1069
29.5342
28.2824
26.6367
26.6367
26.6597
28.1892
28.1892
28.1069
28.1892
26.7296
28.2824
26.6597
28.0368
27.9951
28.0137
26.6182
26.7296
26.6367
29.6581
26.6182
31.1576
26.6597
28.0368
26.6367
27.9951
26.6367
26.7296
29.9589
26.6367
29.9589
28.1892
26.7296
26.6597
26.7296
29.5473
28.1892
29.4772
26.6182
29.5387
26.6597
29.9589
26.6597
26.6182
26.7296
32.878
28.2824
28.0137
29.5571
26.6367
28.2824
29.5688
28.2123
26.7296
29.9589
28.1892
26.6597
28.0368
27.9951
29.6179
26.6367
26.6182
28.2123
29.5458
31.0265
26.6182
26.6597
26.6367
26.6597
26.6367
27.9951
26.6182
28.1069
31.0429
28.0368
29.6598
29.5271
26.7296
26.7296
26.6182
26.7296
26.7296
26.7296
29.4772
29.5473
26.6367
26.6182
26.7296
28.0368
28.0368
26.6367
28.1892
29.6598
28.1892
26.6367
26.6182
29.5328
26.7296
26.6367
26.7296
26.6182
28.0137
26.6367
28.2824
26.7296
31.2029
26.6182
28.0368
28.2824
26.6182
26.6182
28.2824
26.6367
26.6597
26.6367
29.5328
30.939
28.0137
28.1069
27.9951
26.7296
28.0368
28.2824
26.7296
28.2824
28.2824
26.6597
28.2123
26.6367
28.2824
28.2824
28.1706
26.6367
27.9951
27.9951
28.1069
26.7296
26.7296
26.6597
26.6367
27.9951
26.6367
26.6367
28.2123
28.1069
26.6367
26.6597
28.0368
26.6367
26.6367
28.1706
28.0368
26.7296
29.5688
29.9403
26.7296
29.6416
28.1892
26.7296
29.5267
28.1706
28.2123
28.1069
28.1892
28.1069
30.9805
26.6597
28.1069
26.6597
26.6367
26.7296
27.9951
29.5458
26.7296
26.6367
26.6597
28.1706
26.6182
26.6597
32.5663
26.6367
28.2824
28.0137
26.6182
29.6273
26.7296
28.1069
26.6367
29.6179
26.7296
26.6597
29.6179
28.1069
26.6182
26.6182
27.9951
26.6367
29.5271
28.1892
29.9821
28.1892
29.6273
26.7296
28.1706
28.1892
28.2123
28.2123
29.9403
26.6367
26.6597
28.1892
26.6367
28.0137
26.7296
28.2123
28.1706
28.2123
28.2123
28.2824
27.9951
28.2824
26.6182
26.7296
26.6182
26.6367
28.2824
26.7296
29.9403
26.7296
26.7296
26.6182
28.0137
26.6367
28.0137
26.7296
26.6597
28.0137
26.6182
28.0368
28.2824
26.7296
26.6367
28.1706
28.2123
26.6367
26.7296
29.5473
29.9821
28.2824
26.6597
26.6597
26.7296
28.1706
26.6367
28.1069
27.9951
31.0805
28.1706
28.2123
26.7296
29.6448
26.6367
32.4707
26.6367
28.2123
26.6182
28.2824
28.2824
30.0524
29.5571
29.9403
26.6182
26.6597
26.7296
26.6182
28.1706
26.7296
29.5467
29.6392
29.5156
29.6416
28.1069
29.5174
26.7296
26.6367
29.5473
32.4324
29.5744
29.5195
26.6182
28.1706
26.6597
26.7296
28.1706
28.2824
26.6367
29.6416
29.6392
28.1069
26.6367
26.6367
26.6597
26.7296
29.5195
26.7296
26.6182
26.7296
26.6182
28.0137
26.6597
26.7296
26.6182
26.7296
26.6367
26.7296
26.6367
26.6367
26.6597
28.2123
27.9951
26.6367
26.6367
26.6597
30.0524
26.7296
26.6597
26.7296
28.2824
28.2824
32.5663
29.9821
28.0137
26.6597
26.7296
28.0368
29.6273
26.6367
26.6367
28.2123
29.5473
26.7296
26.6182
29.5458
26.6367
28.2123
28.2123
28.0137
28.2824
26.6182
26.7296
26.6597
26.6367
28.2123
29.5342
29.6392
26.7296
29.4772
26.7296
31.1576
26.6597
26.7296
26.7296
28.2123
28.1069
28.1706
28.1892
26.6597
28.0137
26.6182
29.9589
30.0524
29.9821
26.7296
28.1069
26.6182
28.1069
28.2123
28.2123
26.6367
28.2824
28.1069
26.6367
26.7296
29.9589
29.9403
29.6273
26.7296
28.0368
28.0137
26.7296
28.1706
26.6182
29.4772
26.6182
29.6416
26.6367
30.9411
29.6171
29.9403
26.6597
26.7296
29.5467
28.0368
29.6392
28.1706
28.1706
28.1892
26.6182
26.7296
28.1069
29.9403
29.6416
26.6597
26.6367
26.6182
29.6581
26.7296
26.6597
29.5458
26.6597
29.5688
26.6597
26.7296
26.6367
26.6367
29.5458
26.7296
26.6367
30.8823
26.7296
26.6182
28.1892
30.0524
28.2824
26.6597
26.7296
26.7296
28.1069
26.6367
29.4772
28.1069
26.7296
26.6182
28.1706
26.6367
26.6597
31.2212
28.2824
26.6367
26.6182
29.6273
26.6182
28.1706
26.6367
26.6367
26.6182
29.5342
26.7296
26.7296
28.1706
28.1892
26.6597
29.6598
