29.9866 - 1,2,3,5,6,7,11,17,18,19,20,35,45,52,57,61,60,62,63,67,
29.9866 - 1,2,3,5,6,7,11,17,18,19,20,35,45,52,57,61,60,62,63,67,
31.4212 - 1,2,3,5,9,15,16,17,18,19,20,35,45,52,57,56,60,61,62,63,67,
31.1539 - 1,2,3,5,6,7,11,17,16,31,32,42,49,50,55,56,60,61,62,63,67,
29.9866 - 1,2,3,5,6,7,11,17,18,19,20,35,45,52,57,61,60,62,63,67,
34.1528 - 1,2,3,5,4,8,9,15,30,31,16,17,32,42,49,50,55,56,60,61,62,63,67,
32.9887 - 1,2,3,5,4,8,9,15,16,17,18,19,20,35,45,52,57,61,60,62,63,67,
39.0508 - 1,2,4,8,14,15,16,17,18,19,20,35,36,21,22,37,47,46,45,52,57,61,60,62,63,67,
31.1539 - 1,2,3,5,6,7,11,17,16,31,32,42,49,50,55,56,60,61,62,63,67,
32.9323 - 1,2,3,5,6,7,11,17,16,31,32,42,49,50,55,56,57,61,60,62,63,67,
34.3561 - 1,2,3,5,4,8,14,15,16,17,18,19,20,35,45,52,57,56,60,61,62,63,67,
29.6337 - 1,2,3,5,6,7,11,17,16,31,32,33,43,50,51,56,60,62,63,67,
32.9887 - 1,2,3,5,4,8,9,15,16,17,18,19,20,35,45,52,57,61,60,62,63,67,
29.9866 - 1,2,3,5,6,7,11,17,18,19,20,35,45,52,57,61,60,62,63,67,
29.9866 - 1,2,3,5,6,7,11,17,18,19,20,35,45,52,57,61,60,62,63,67,
32.9722 - 1,2,3,5,4,8,14,15,16,17,18,19,20,35,45,52,57,61,60,62,63,67,
32.9323 - 1,2,3,5,6,7,11,17,16,31,32,42,49,50,55,56,57,61,60,62,63,67,
31.0535 - 1,2,4,8,14,15,16,17,32,33,43,42,49,50,51,56,60,61,62,63,67,
31.2578 - 1,2,3,5,4,8,9,15,16,17,32,33,43,50,51,56,60,61,62,63,67,
31.2413 - 1,2,3,5,4,8,14,15,16,17,32,33,43,50,51,56,60,61,62,63,67,
31.1539 - 1,2,3,5,6,7,11,17,16,31,32,42,49,50,55,56,60,61,62,63,67,
29.9866 - 1,2,3,5,6,7,11,17,18,19,20,35,45,52,57,61,60,62,63,67,
40.5557 - 1,2,3,5,4,8,9,15,30,31,16,17,32,33,43,50,51,56,57,61,60,62,63,64,65,66,67,
29.9866 - 1,2,3,5,6,7,11,17,18,19,20,35,45,52,57,61,60,62,63,67,
29.6337 - 1,2,3,5,6,7,11,17,16,31,32,33,43,50,51,56,60,62,63,67,
26.659 - 1,2,4,8,14,15,16,17,32,33,43,50,51,56,60,62,63,67,
30.0437 - 1,2,3,5,9,15,16,17,18,19,20,35,45,52,57,61,60,62,63,67,
31.3088 - 1,2,4,8,14,15,16,17,18,19,20,35,45,52,57,56,60,61,62,63,67,
29.9317 - 1,2,4,8,14,15,16,17,18,19,20,35,45,52,57,61,60,62,63,67,
31.2578 - 1,2,3,5,4,8,9,15,16,17,32,33,43,50,51,56,60,61,62,63,67,
46.469 - 1,2,3,5,4,8,9,10,16,31,32,17,18,19,34,33,43,44,51,50,55,56,57,61,60,62,63,64,65,66,67,
30.0437 - 1,2,3,5,9,15,16,17,18,19,20,35,45,52,57,61,60,62,63,67,
34.2272 - 1,2,4,8,14,15,16,17,32,33,18,19,20,35,45,52,57,56,60,61,62,63,67,
31.3639 - 1,2,3,5,6,7,11,17,18,19,20,35,45,52,57,56,60,61,62,63,67,
44.6806 - 1,2,4,8,14,15,16,17,32,33,43,42,49,50,51,44,34,19,20,21,36,46,45,52,57,61,60,62,63,67,
34.1642 - 1,2,3,5,4,8,14,15,16,17,32,33,43,44,51,50,55,56,60,61,62,63,67,
38.6772 - 1,2,3,5,4,8,9,15,16,17,32,33,43,42,49,50,51,56,60,61,62,63,64,65,66,67,
31.1085 - 1,2,3,5,6,7,11,17,32,33,43,42,49,50,51,56,60,61,62,63,67,
35.7017 - 1,2,3,5,6,7,11,17,16,31,32,42,49,50,55,56,60,61,62,63,64,65,66,67,
32.9323 - 1,2,3,5,6,7,11,17,16,31,32,42,49,50,55,56,57,61,60,62,63,67,
29.9317 - 1,2,4,8,14,15,16,17,18,19,20,35,45,52,57,61,60,62,63,67,
28.2663 - 1,2,3,5,6,7,11,17,32,33,43,50,51,56,60,61,62,63,67,
32.9323 - 1,2,3,5,6,7,11,17,16,31,32,42,49,50,55,56,57,61,60,62,63,67,
32.9323 - 1,2,3,5,6,7,11,17,16,31,32,42,49,50,55,56,57,61,60,62,63,67,
32.9722 - 1,2,3,5,4,8,14,15,16,17,18,19,20,35,45,52,57,61,60,62,63,67,
42.1 - 1,2,3,5,9,15,16,17,32,33,43,42,49,50,51,44,45,35,36,46,53,52,57,61,60,62,63,67,
30.0437 - 1,2,3,5,9,15,16,17,18,19,20,35,45,52,57,61,60,62,63,67,
29.4926 - 1,2,4,8,14,15,16,17,32,33,43,42,49,50,51,56,60,62,63,67,
31.1659 - 1,2,3,5,9,15,16,17,32,33,43,42,49,50,51,56,60,61,62,63,67,
34.1528 - 1,2,3,5,4,8,9,15,30,31,16,17,32,42,49,50,55,56,60,61,62,63,67,
35.8358 - 1,2,3,5,6,7,11,17,16,31,32,33,43,42,49,50,51,56,57,61,60,62,63,67,
44.8829 - 1,2,4,8,14,15,16,17,32,33,43,42,49,50,51,44,45,35,20,21,36,46,53,52,57,61,60,62,63,67,
30.0437 - 1,2,3,5,9,15,16,17,18,19,20,35,45,52,57,61,60,62,63,67,
31.3639 - 1,2,3,5,6,7,11,17,18,19,20,35,45,52,57,56,60,61,62,63,67,
28.0361 - 1,2,4,8,14,15,16,17,32,33,43,50,51,56,57,61,62,63,67,
31.1659 - 1,2,3,5,9,15,16,17,32,33,43,42,49,50,51,56,60,61,62,63,67,
31.4212 - 1,2,3,5,9,15,16,17,18,19,20,35,45,52,57,56,60,61,62,63,67,
29.9866 - 1,2,3,5,6,7,11,17,18,19,20,35,45,52,57,61,60,62,63,67,
46.389 - 1,2,4,8,14,15,16,17,18,19,20,35,36,21,22,37,38,48,47,54,53,46,45,52,51,56,60,61,62,63,67,
30.0437 - 1,2,3,5,9,15,16,17,18,19,20,35,45,52,57,61,60,62,63,67,
31.1539 - 1,2,3,5,6,7,11,17,16,31,32,42,49,50,55,56,60,61,62,63,67,
37.4447 - 1,2,3,5,6,7,11,17,32,33,43,42,49,50,51,56,57,61,60,62,63,64,65,66,67,
26.659 - 1,2,4,8,14,15,16,17,32,33,43,50,51,56,60,62,63,67,
29.9317 - 1,2,4,8,14,15,16,17,18,19,20,35,45,52,57,61,60,62,63,67,
30.0437 - 1,2,3,5,9,15,16,17,18,19,20,35,45,52,57,61,60,62,63,67,
37.4447 - 1,2,3,5,6,7,11,17,32,33,43,42,49,50,51,56,57,61,60,62,63,64,65,66,67,
28.0413 - 1,2,3,5,6,7,11,17,18,19,20,35,45,52,57,61,62,63,67,
32.9562 - 1,2,3,5,9,15,16,17,32,33,18,19,20,35,45,52,57,61,60,62,63,67,
34.0488 - 1,2,3,5,6,7,11,17,16,31,32,33,43,42,49,50,51,56,60,61,62,63,67,
31.1539 - 1,2,3,5,6,7,11,17,16,31,32,42,49,50,55,56,60,61,62,63,67,
31.1085 - 1,2,3,5,6,7,11,17,32,33,43,42,49,50,51,56,60,61,62,63,67,
33.0123 - 1,2,3,5,9,15,16,17,32,33,43,44,51,50,55,56,57,61,60,62,63,67,
42.9874 - 1,2,3,5,4,8,9,15,16,31,32,17,11,12,13,19,18,33,34,44,43,50,51,56,60,61,62,63,67,
31.4212 - 1,2,3,5,9,15,16,17,18,19,20,35,45,52,57,56,60,61,62,63,67,
34.3725 - 1,2,3,5,4,8,9,15,16,17,18,19,20,35,45,52,57,56,60,61,62,63,67,
30.0437 - 1,2,3,5,9,15,16,17,18,19,20,35,45,52,57,61,60,62,63,67,
32.9323 - 1,2,3,5,6,7,11,17,16,31,32,42,49,50,55,56,57,61,60,62,63,67,
39.2551 - 1,2,3,5,6,7,11,17,16,31,32,33,18,19,34,44,45,46,53,52,57,61,60,62,63,67,
31.1539 - 1,2,3,5,6,7,11,17,16,31,32,42,49,50,55,56,60,61,62,63,67,
32.9323 - 1,2,3,5,6,7,11,17,16,31,32,42,49,50,55,56,57,61,60,62,63,67,
29.6337 - 1,2,3,5,6,7,11,17,16,31,32,33,43,50,51,56,60,62,63,67,
31.3088 - 1,2,4,8,14,15,16,17,18,19,20,35,45,52,57,56,60,61,62,63,67,
32.9323 - 1,2,3,5,6,7,11,17,16,31,32,42,49,50,55,56,57,61,60,62,63,67,
28.2663 - 1,2,3,5,6,7,11,17,32,33,43,50,51,56,60,61,62,63,67,
29.9317 - 1,2,4,8,14,15,16,17,18,19,20,35,45,52,57,61,60,62,63,67,
32.7969 - 1,2,3,5,6,7,11,17,32,33,43,50,51,56,60,61,62,63,64,65,66,67,
31.3639 - 1,2,3,5,6,7,11,17,18,19,20,35,45,52,57,56,60,61,62,63,67,
33.0123 - 1,2,3,5,9,15,16,17,32,33,43,44,51,50,55,56,57,61,60,62,63,67,
31.1659 - 1,2,3,5,9,15,16,17,32,33,43,42,49,50,51,56,60,61,62,63,67,
31.3088 - 1,2,4,8,14,15,16,17,18,19,20,35,45,52,57,56,60,61,62,63,67,
32.9323 - 1,2,3,5,6,7,11,17,16,31,32,42,49,50,55,56,57,61,60,62,63,67,
32.9323 - 1,2,3,5,6,7,11,17,16,31,32,42,49,50,55,56,57,61,60,62,63,67,
28.2116 - 1,2,4,8,14,15,16,17,32,33,43,50,51,56,60,61,62,63,67,
29.9814 - 1,2,4,8,14,15,16,17,32,33,43,50,51,56,57,61,60,62,63,67,
29.6337 - 1,2,3,5,6,7,11,17,16,31,32,33,43,50,51,56,60,62,63,67,
29.9317 - 1,2,4,8,14,15,16,17,18,19,20,35,45,52,57,61,60,62,63,67,
26.659 - 1,2,4,8,14,15,16,17,32,33,43,50,51,56,60,62,63,67,
31.1085 - 1,2,3,5,6,7,11,17,32,33,43,42,49,50,51,56,60,61,62,63,67,
33.0123 - 1,2,3,5,9,15,16,17,32,33,43,44,51,50,55,56,57,61,60,62,63,67,
48.2768 - 1,2,3,5,4,8,9,15,16,17,32,33,18,19,34,44,45,35,20,21,36,46,53,52,51,56,57,61,60,62,63,67,
29.9317 - 1,2,4,8,14,15,16,17,18,19,20,35,45,52,57,61,60,62,63,67,
29.9866 - 1,2,3,5,6,7,11,17,18,19,20,35,45,52,57,61,60,62,63,67,
43.9091 - 1,2,3,5,4,8,9,15,16,31,32,17,18,19,20,35,45,46,53,52,57,61,60,62,63,64,65,66,67,
29.9317 - 1,2,4,8,14,15,16,17,18,19,20,35,45,52,57,61,60,62,63,67,
40.475 - 1,2,3,5,4,8,9,15,16,17,32,33,43,42,49,50,51,56,57,61,60,62,63,64,65,66,67,
30.0934 - 1,2,3,5,9,15,16,17,32,33,43,50,51,56,57,61,60,62,63,67,
31.1659 - 1,2,3,5,9,15,16,17,32,33,43,42,49,50,51,56,60,61,62,63,67,
31.3088 - 1,2,4,8,14,15,16,17,18,19,20,35,45,52,57,56,60,61,62,63,67,
29.9866 - 1,2,3,5,6,7,11,17,18,19,20,35,45,52,57,61,60,62,63,67,
29.9866 - 1,2,3,5,6,7,11,17,18,19,20,35,45,52,57,61,60,62,63,67,
31.1539 - 1,2,3,5,6,7,11,17,16,31,32,42,49,50,55,56,60,61,62,63,67,
32.9323 - 1,2,3,5,6,7,11,17,16,31,32,42,49,50,55,56,57,61,60,62,63,67,
52.4291 - 1,2,3,5,4,8,9,15,30,31,16,17,32,33,43,42,49,50,51,44,45,35,20,21,36,46,53,52,57,56,60,61,62,63,67,
34.3561 - 1,2,3,5,4,8,14,15,16,17,18,19,20,35,45,52,57,56,60,61,62,63,67,
32.4792 - 1,2,3,5,6,7,11,17,16,31,32,33,43,42,49,50,51,56,60,62,63,67,
30.0437 - 1,2,3,5,9,15,16,17,18,19,20,35,45,52,57,61,60,62,63,67,
38.6772 - 1,2,3,5,4,8,9,15,16,17,32,33,43,42,49,50,51,56,60,61,62,63,64,65,66,67,
30.0437 - 1,2,3,5,9,15,16,17,18,19,20,35,45,52,57,61,60,62,63,67,
31.1085 - 1,2,3,5,6,7,11,17,32,33,43,42,49,50,51,56,60,61,62,63,67,
29.6337 - 1,2,3,5,6,7,11,17,16,31,32,33,43,50,51,56,60,62,63,67,
34.5774 - 1,2,3,5,6,7,11,17,32,33,43,50,51,56,57,61,60,62,63,64,65,66,67,
30.0437 - 1,2,3,5,9,15,16,17,18,19,20,35,45,52,57,61,60,62,63,67,
31.1539 - 1,2,3,5,6,7,11,17,16,31,32,42,49,50,55,56,60,61,62,63,67,
41.824 - 1,2,3,5,4,8,9,15,30,31,16,17,18,19,34,33,32,42,49,50,55,56,57,61,60,62,63,67,
31.3088 - 1,2,4,8,14,15,16,17,18,19,20,35,45,52,57,56,60,61,62,63,67,
32.9887 - 1,2,3,5,4,8,9,15,16,17,18,19,20,35,45,52,57,61,60,62,63,67,
30.0437 - 1,2,3,5,9,15,16,17,18,19,20,35,45,52,57,61,60,62,63,67,
31.4212 - 1,2,3,5,9,15,16,17,18,19,20,35,45,52,57,56,60,61,62,63,67,
26.659 - 1,2,4,8,14,15,16,17,32,33,43,50,51,56,60,62,63,67,
29.9317 - 1,2,4,8,14,15,16,17,18,19,20,35,45,52,57,61,60,62,63,67,
41.9859 - 1,2,4,8,14,15,16,17,32,33,43,42,49,50,51,44,45,35,36,46,53,52,57,61,60,62,63,67,
32.9323 - 1,2,3,5,6,7,11,17,16,31,32,42,49,50,55,56,57,61,60,62,63,67,
35.8498 - 1,2,3,5,6,7,11,17,16,31,32,33,18,19,20,35,45,52,57,61,60,62,63,67,
32.9887 - 1,2,3,5,4,8,9,15,16,17,18,19,20,35,45,52,57,61,60,62,63,67,
40.5244 - 1,2,3,5,6,7,11,17,18,19,20,35,36,37,38,48,47,54,53,52,51,56,60,61,62,63,67,
31.1539 - 1,2,3,5,6,7,11,17,16,31,32,42,49,50,55,56,60,61,62,63,67,
29.6963 - 1,2,3,5,4,8,9,15,16,17,32,33,43,50,51,56,60,62,63,67,
34.3561 - 1,2,3,5,4,8,14,15,16,17,18,19,20,35,45,52,57,56,60,61,62,63,67,
32.9887 - 1,2,3,5,4,8,9,15,16,17,18,19,20,35,45,52,57,61,60,62,63,67,
32.9722 - 1,2,3,5,4,8,14,15,16,17,18,19,20,35,45,52,57,61,60,62,63,67,
31.1951 - 1,2,3,5,6,7,11,17,16,31,32,33,43,50,51,56,60,61,62,63,67,
39.1573 - 1,2,4,8,14,15,16,17,18,19,20,35,36,46,53,52,45,44,51,56,57,61,60,62,63,67,
32.9323 - 1,2,3,5,6,7,11,17,16,31,32,42,49,50,55,56,57,61,60,62,63,67,
31.3639 - 1,2,3,5,6,7,11,17,18,19,20,35,45,52,57,56,60,61,62,63,67,
26.659 - 1,2,4,8,14,15,16,17,32,33,43,50,51,56,60,62,63,67,
29.9866 - 1,2,3,5,6,7,11,17,18,19,20,35,45,52,57,61,60,62,63,67,
27.9865 - 1,2,4,8,14,15,16,17,18,19,20,35,45,52,57,61,62,63,67,
33.8714 - 1,2,3,5,6,7,11,17,16,31,32,33,43,42,49,50,51,56,57,61,62,63,67,
31.1539 - 1,2,3,5,6,7,11,17,16,31,32,42,49,50,55,56,60,61,62,63,67,
47.9369 - 1,2,3,5,6,7,11,17,16,31,32,33,43,42,49,50,51,44,45,35,20,21,36,46,53,52,57,61,60,62,63,67,
47.7077 - 1,2,3,5,4,8,9,15,30,31,16,10,6,7,11,17,18,19,34,33,32,42,49,50,55,56,57,61,60,62,63,67,
41.055 - 1,2,3,5,4,8,9,10,16,31,32,42,49,50,51,52,53,58,57,61,60,62,63,64,65,66,67,
29.9866 - 1,2,3,5,6,7,11,17,18,19,20,35,45,52,57,61,60,62,63,67,
44.9973 - 1,2,3,5,9,15,16,17,32,33,43,42,49,50,51,44,45,35,20,21,36,46,53,52,57,61,60,62,63,67,
31.1539 - 1,2,3,5,6,7,11,17,16,31,32,42,49,50,55,56,60,61,62,63,67,
31.4212 - 1,2,3,5,9,15,16,17,18,19,20,35,45,52,57,56,60,61,62,63,67,
31.1951 - 1,2,3,5,6,7,11,17,16,31,32,33,43,50,51,56,60,61,62,63,67,
29.9866 - 1,2,3,5,6,7,11,17,18,19,20,35,45,52,57,61,60,62,63,67,
35.7017 - 1,2,3,5,6,7,11,17,16,31,32,42,49,50,55,56,60,61,62,63,64,65,66,67,
28.2663 - 1,2,3,5,6,7,11,17,32,33,43,50,51,56,60,61,62,63,67,
28.3233 - 1,2,3,5,9,15,16,17,32,33,43,50,51,56,60,61,62,63,67,
34.0488 - 1,2,3,5,6,7,11,17,16,31,32,33,43,42,49,50,51,56,60,61,62,63,67,
30.0437 - 1,2,3,5,9,15,16,17,18,19,20,35,45,52,57,61,60,62,63,67,
34.1528 - 1,2,3,5,4,8,9,15,30,31,16,17,32,42,49,50,55,56,60,61,62,63,67,
29.9317 - 1,2,4,8,14,15,16,17,18,19,20,35,45,52,57,61,60,62,63,67,
31.3639 - 1,2,3,5,6,7,11,17,18,19,20,35,45,52,57,56,60,61,62,63,67,
35.9166 - 1,2,3,5,4,8,14,15,30,31,16,17,18,19,20,35,45,52,57,61,60,62,63,67,
32.4792 - 1,2,3,5,6,7,11,17,16,31,32,33,43,42,49,50,51,56,60,62,63,67,
32.9722 - 1,2,3,5,4,8,14,15,16,17,18,19,20,35,45,52,57,61,60,62,63,67,
41.8072 - 1,2,3,5,4,8,14,15,30,31,16,17,18,19,34,33,32,42,49,50,55,56,57,61,60,62,63,67,
34.0488 - 1,2,3,5,6,7,11,17,16,31,32,33,43,42,49,50,51,56,60,61,62,63,67,
32.9887 - 1,2,3,5,4,8,9,15,16,17,18,19,20,35,45,52,57,61,60,62,63,67,
29.6337 - 1,2,3,5,6,7,11,17,16,31,32,33,43,50,51,56,60,62,63,67,
26.659 - 1,2,4,8,14,15,16,17,32,33,43,50,51,56,60,62,63,67,
29.4926 - 1,2,4,8,14,15,16,17,32,33,43,42,49,50,51,56,60,62,63,67,
31.1539 - 1,2,3,5,6,7,11,17,16,31,32,42,49,50,55,56,60,61,62,63,67,
37.3235 - 1,2,3,5,4,8,9,15,30,31,16,17,18,19,20,35,45,52,57,56,60,61,62,63,67,
35.8498 - 1,2,3,5,6,7,11,17,16,31,32,33,18,19,20,35,45,52,57,61,60,62,63,67,
31.4212 - 1,2,3,5,9,15,16,17,18,19,20,35,45,52,57,56,60,61,62,63,67,
37.7624 - 1,2,3,5,9,15,16,17,18,19,20,35,36,46,45,52,57,61,60,62,63,64,65,66,67,
31.1539 - 1,2,3,5,6,7,11,17,16,31,32,42,49,50,55,56,60,61,62,63,67,
29.4926 - 1,2,4,8,14,15,16,17,32,33,43,42,49,50,51,56,60,62,63,67,
35.7017 - 1,2,3,5,6,7,11,17,16,31,32,42,49,50,55,56,60,61,62,63,64,65,66,67,
29.9866 - 1,2,3,5,6,7,11,17,18,19,20,35,45,52,57,61,60,62,63,67,
34.1363 - 1,2,3,5,4,8,14,15,30,31,16,17,32,42,49,50,55,56,60,61,62,63,67,
35.9115 - 1,2,3,5,4,8,9,15,30,31,16,17,32,42,49,50,51,56,57,61,60,62,63,67,
31.4212 - 1,2,3,5,9,15,16,17,18,19,20,35,45,52,57,56,60,61,62,63,67,
32.4792 - 1,2,3,5,6,7,11,17,16,31,32,33,43,42,49,50,51,56,60,62,63,67,
35.8823 - 1,2,3,5,4,8,14,15,16,17,32,33,43,42,49,50,51,56,57,61,60,62,63,67,
38.7578 - 1,2,3,5,4,8,9,15,30,31,16,17,32,33,43,50,51,56,60,61,62,63,64,65,66,67,
30.0934 - 1,2,3,5,9,15,16,17,32,33,43,50,51,56,57,61,60,62,63,67,
29.9866 - 1,2,3,5,6,7,11,17,18,19,20,35,45,52,57,61,60,62,63,67,
35.9166 - 1,2,3,5,4,8,14,15,30,31,16,17,18,19,20,35,45,52,57,61,60,62,63,67,
31.1539 - 1,2,3,5,6,7,11,17,16,31,32,42,49,50,55,56,60,61,62,63,67,
44.9473 - 1,2,3,5,6,7,11,17,18,19,20,35,36,37,38,48,47,54,53,52,51,56,57,61,62,63,64,65,66,67,
37.4906 - 1,2,3,5,6,7,11,17,16,31,32,42,49,50,55,56,57,61,60,62,63,64,65,66,67,
36.3399 - 1,2,4,8,14,15,16,17,18,19,20,35,36,46,53,52,51,56,57,61,60,62,63,67,
29.9866 - 1,2,3,5,6,7,11,17,18,19,20,35,45,52,57,61,60,62,63,67,
