4121050
6644191
4049643
2410193
5149944
8334428
9101913
3771027
9861587
732234
3208367
8003902
279333
3223889
5594292
7179561
828727
9237107
2703140
1824947
2730099
7303542
9498854
2805160
610153
5570395
6870582
2138973
6920125
8808393
5639232
5861894
8308985
8736456
276073
940617
4297848
9589073
9546386
3483109
4165727
4554901
2157355
2024457
410442
3010754
7318070
9928891
1583411
9064871
679567
6319847
9380234
706120
9188396
8299736
5808321
6330881
758730
3063747
9728523
2216198
1221542
6214342
5294698
8114532
1735171
897701
2050130
5770755
7810330
9382220
1710592
8972173
4458044
4226214
5750828
100549
4928911
7954028
655782
8153415
3607482
5519993
8970042
8171562
7617926
6871259
853913
5323059
4337574
9617789
9777358
6533481
3652110
9390780
4058385
2133860
333621
8700348
4502111
607841
2193011
1150235
4126814
6249105
1271453
1912440
9776191
6340796
8907301
6923785
9065832
7427450
9307647
6288454
381220
4232746
213381
8790205
1797480
1215120
4131727
5937686
1852778
1254454
806033
9675831
2053120
6322325
170521
6064389
7623119
1503464
4082488
1294008
513617
3284359
2791531
8829416
4960164
4009290
4515215
7756561
2588095
8921001
9725674
2956071
2044637
7757099
3213873
4669192
7694599
3723758
7793621
3230954
3344271
42544
3952184
8437559
7289463
9224377
8979088
6951527
3791844
5473652
7510608
5246997
7581866
8755600
7938943
7857364
8509436
9861122
7417393
111592
5125823
1180677
1462607
5795154
7994698
1641847
2100188
1282645
325967
3126153
1069753
1565786
2401327
9449749
1236364
8669443
9535094
5298
4417358
5515844
1646617
8251902
2054001
820411
888279
2121462
4384547
7812163
8495746
532171
4228908
3183214
4372161
4128568
9100767
8523959
5193273
5081194
4003039
4017890
6629101
1269194
1518118
7255005
5144450
6661842
1235305
8281000
3923343
2743934
7919939
4309258
906030
4244437
8794460
192066
227971
6655518
9644022
7718688
4638057
8036736
7218732
6768424
5681359
9143660
5243379
6811411
503627
2167129
2741796
5192582
4016027
3636919
5777591
1230511
544994
7475902
600619
445430
9339525
1342432
3733067
5471749
1495930
6249311
6963344
8408587
9591232
3055474
8989777
3119038
6086530
8731179
2062781
859142
7866723
141860
5152857
9759778
3097792
5092403
7408258
7688055
9704415
846087
9898343
7071502
2163698
6819159
2867505
2042583
4460278
6668607
9400329
9427504
7849458
7642336
6866162
4800720
1022004
8820698
6736440
1523866
7639779
8487384
6942258
9923654
7658769
26244
2755120
7203313
8224867
561311
7924488
5312179
4971959
5068400
4694679
6580067
7447299
5376453
7874248
1246437
6112101
315646
9997308
7408504
8406659
8407710
4094732
2645815
7522977
1635137
2263663
4056275
3435393
1498615
6010794
5042105
732633
9493279
9121883
1145776
4673982
8330031
4828493
2689580
7534718
964958
9138371
8657854
9035993
7457479
2988299
1142522
7400847
1817530
2593346
5524777
3909227
4989262
730226
686095
5522634
2991622
5659946
9514539
8470472
2302024
6286055
6924623
7033526
7267912
2633908
5766068
4339777
4852612
5212120
8512266
2463999
3563624
5687288
2455495
7675181
5289340
704537
3858984
9680953
5105881
932638
8065669
9148279
8858690
1784145
4357561
6250340
5266785
8168360
8393322
3495470
3064041
3690855
6149650
1462673
9143528
3863073
4346594
7095988
4753359
6894917
5939511
6785636
7488929
3070845
7426393
520516
9207271
7599549
7284671
6122685
9030813
6363900
6475685
585234
5264195
2126885
3998155
7446980
5859854
1263298
7526535
3424960
7787277
6939660
5082746
5548640
9249213
9636464
997545
9945081
3576176
5447843
4961582
5201578
7008968
2284756
831010
1357314
5684099
3353907
5438456
2182135
9196610
419597
9188657
2768651
9738975
4894443
9291225
7525731
383536
2729755
4655872
7939870
9977644
7635240
2905109
4553431
7124104
1051315
3436504
5771707
431240
4671691
7216739
7425896
3907988
1993142
704398
7389869
8718660
3226921
9373504
3608173
966517
9891937
100974
5149752
6879857
1019029
2700503
659571
589062
8727324
2335503
4569430
635735
1813571
4014711
3856081
1406366
5738715
4676969
1825310
8600398
9903206
7232721
4492762
930656
3407392
5726823
1151295
5276943
3966129
9223431
2512530
1624084
4233686
4271431
2798473
2590363
6353475
3282235
209893
8515408
2967741
7924153
5440687
2227012
3873012
2609583
6363191
3262705
4731009
557794
6994048
2472032
1193187
5149604
8093294
8136400
1876530
4473457
4207548
8393803
2771653
1835746
1291923
3283988
6629409
6389897
9030625
4734948
8877467
1822361
8594185
6433253
1796259
5442634
7324601
2288054
1379588
4878744
4448797
9881622
9235353
4725763
5937035
5273
7175942
7192864
2632042
911385
2475131
5529414
533863
2052372
8014277
3250435
5535581
6625750
7020664
8636707
9186634
453253
9796654
2880475
3121688
4885635
4970773
4223445
2064364
8847750
7212171
6912619
7923662
3024952
2401342
2392574
8010068
134884
3260965
4370556
419297
4384504
6407917
4878236
6610161
8688797
6237360
938904
4760498
5529106
7329
4004245
9639172
903015
7378485
1318534
5031999
7257829
2463272
3599117
3741870
1183500
2605262
9043196
6731579
4675539
7097482
8600988
8664113
8453804
4952301
7300371
8379831
8595783
1046605
8226187
193212
8951318
632267
5459411
8868422
3568353
1228845
6478052
1243890
620187
9980028
7664219
7358505
1993633
9605652
8670136
9017791
5191648
2255045
4907775
3956452
3545449
5478319
2981971
490610
2414007
1605847
4527781
9319842
3140163
4080632
9077110
4718079
5749027
2651611
2258288
4074939
3373447
8528549
3401025
2393698
3623128
7930115
5308787
8695038
864287
3499508
5263734
7390657
372370
2283250
3344734
2983490
9740134
619550
697028
954532
2781473
301020
6888521
7473958
3011053
3275005
3776796
5796371
4675751
9748047
5446178
87917
5542555
5962
3375089
1969690
5056088
5282340
6237431
9887347
2824114
6780560
5403259
7362661
1305300
1379764
9613400
3213534
534864
8042433
4385644
5838639
2124966
1888668
5361186
6523716
325388
5355081
861984
2968517
6397930
7717364
4665637
3153683
2895274
6734443
4288475
4620434
4486229
1741997
5076839
4327548
859060
9463777
6888007
5311651
7436887
1617511
6006786
6791473
4102951
7565935
5790056
7328195
8322534
1837388
9807959
194923
8274106
2887109
3003692
2220994
1414552
8913987
4850676
5757247
1642752
8395183
3942459
106437
8314165
1925005
354063
7038577
3793069
7597127
7214347
8600575
895304
1963610
4746274
9893847
5239736
9157803
8356324
78461
6267725
6074594
4238004
9765534
1067393
8796630
3653943
2980803
5175046
9159051
7889820
197364
7733439
5871323
6053852
2186770
2804805
6289394
5895519
2343004
2019695
8948992
4431216
2579515
1638919
5769401
6828229
4487508
4660390
8881787
6144531
8276112
356214
4124125
6482258
5265782
9041419
8675828
1289492
1233800
1739488
5568208
4186951
1849861
3135047
4625172
8321174
4072785
1639601
8541151
9508953
3608339
4773059
4826015
2067183
8239594
7174307
105488
4837964
5298992
4029516
5794712
5070656
4181984
5541033
9545262
441685
282929
1927369
527846
7015468
9711092
3300425
5923277
7805474
7493002
7213359
9934705
6541473
6216620
9326363
6897618
4487190
1463576
736384
2064197
6785286
1219513
5724040
9853702
4021737
6076258
9916752
9055342
7819401
5840844
4940816
9346358
4687106
3535923
8507110
903202
8850023
98952
5755527
1207164
5699971
9054927
3744454
9226484
1949837
9160278
9261435
299202
9516257
9165994
1088520
9283018
7519922
9910304
6593975
7658344
1320822
7557461
3661785
6352407
3599539
6129668
1358921
3426573
2599815
8067059
2002044
9513130
3854772
4807938
6672286
4227251
3391894
1848120
4465945
826392
3421454
3769245
3058023
1822583
334472
3311934
8980796
3471876
1057318
4363021
7025281
5557764
2068572
1412380
7861271
3358740
8080154
844531
4111366
4876956
9284729
2256828
3080798
5139547
2258138
4026707
5489912
6960516
8711253
276318
6337585
269677
5964371
9436221
8918766
6321447
1927030
6067946
4277256
8323665
8925704
4773369
4577335
8311224
3210021
3943057
2073719
9860727
7545568
8885306
5474025
4520211
7314215
3634753
4300977
7172957
3653495
1852414
9609867
2923381
7852097
6951118
7730362
5475814
3323970
5212151
9974207
8341143
8244539