30.0173
32.5572
28.0338
27.9951
26.7256
29.6409
31.0183
28.0356
29.968
28.0153
31.0881
28.2453
26.6367
29.656
29.6518
28.0307
29.5519
28.1443
30.0328
31.1354
36.8419
28.0018
31.0019
29.9168
29.6518
31.0183
31.0946
31.2643
32.9998
28.0325
34.0829
29.5195
29.6598
32.7163
29.6671
31.0787
34.0594
30.0706
29.5343
28.014
36.2626
32.9569
28.1892
31.2581
30.897
31.055
26.638
31.173
30.8766
29.9624
30.6372
29.9659
28.0547
29.9778
28.1066
32.9734
32.9695
32.6017
35.507
33.9701
29.9833
32.8728
31.0816
29.6341
31.0368
29.6966
30.9171
29.6631
30.918
29.6966
28.135
29.5519
29.9605
30.0779
29.6598
29.5584
35.1266
29.9964
31.2029
31.2187
28.1706
30.9526
33.8747
35.4555
31.1978
29.6966
32.9734
31.2212
32.9734
31.2221
31.0771
30.0061
26.7269
28.1892
30.0454
29.6671
31.1784
32.4932
29.505
32.5901
29.5336
32.5161
29.5949
30.0806
29.5827
28.1066
31.2029
31.2581
31.0783
32.9734
28.0207
30.0207
28.1066
32.9734
32.5161
26.7477
32.888
29.9358
28.0631
29.6745
31.2581
31.0598
31.2581
31.0934
35.4314
32.9734
31.2212
30.6372
32.9412
29.5361
31.0301
32.5022
32.9904
29.6537
31.0805
30.9242
29.9588
32.5161
31.052
34.3744
29.7974
30.0151
29.568
31.0058
31.2212
31.0652
31.0363
31.0183
32.8573
28.2841
29.6783
29.95
30.967
28.0356
30.8842
26.7269
30.066
29.9964
31.0183
29.9996
29.9556
31.2643
32.5684
31.0881
28.135
29.6389
33.3854
36.8052
35.8616
29.6453
30.0259
29.7685
35.656
31.1074
32.5408
28.2276
31.0145
26.6182
30.8998
31.1085
26.7296
32.556
30.0986
30.8842
28.0246
31.1917
30.892
31.0883
29.6306
32.5572
28.2232
28.1066
30.8863
32.8927
30.9218
34.0829
28.0453
31.1763
30.0151
31.0946
29.6314
28.0343
38.0716
28.0999
31.0183
34.4271
28.1443
31.1419
28.0355
29.9962
31.2643
34.1835
28.1429
32.4214
30.0512
32.9695
29.6946
32.5684
31.0183
31.2643
28.1671
28.1269
28.2776
28.2232
30.0582
31.0816
31.0354
28.0698
32.4897
32.5022
29.636
31.0183
29.9554
34.1516
28.0727
29.7027
31.2029
35.8498
31.0183
29.5183
31.0698
31.0111
30.9187
31.1387
32.5161
28.1039
26.7296
34.1016
31.1816
32.969
29.6347
28.0844
29.9191
29.6671
29.6598
27.9947
31.0816
28.0872
34.0594
31.0881
28.0158
30.961
31.0383
32.8387
28.1066
29.6966
29.6476
29.6518
37.1092
32.5909
30.897
30.088
33.0369
30.0496
26.7431
30.0151
30.0328
30.0935
28.2362
33.4924
32.5047
32.4095
30.0119
32.4237
29.5566
28.0453
31.0977
33.0071
31.0502
31.2581
37.0453
31.1176
31.0805
29.9659
31.2647
29.6503
31.0582
26.6836
29.9381
32.576
30.9404
28.1416
29.6598
26.7283
28.0325
30.5651
28.1066
28.1066
28.1706
28.2824
29.745
32.9734
34.0594
31.055
30.0521
28.0313
32.8728
34.0594
29.5519
29.6676
29.5519
26.6749
29.575
34.1088
31.1584
32.5909
29.8151
28.1066
31.2643
34.0917
29.953
30.0521
28.0195
31.2643
32.513
29.9996
31.0805
31.2441
32.9875
29.8659
32.878
33.0324
32.5256
29.6966
30.8607
28.015
31.2393
35.2669
28.2628
31.2023
31.2643
31.0698
32.9734
31.0946
28.0753
31.2029
28.1157
32.8791
32.9998
31.2194
29.9562
30.0151
29.9964
31.0877
28.0688
31.1434
32.9734
29.8327
29.6355
31.107
32.8758
33.9644
31.1978
35.7694
28.0115
31.0587
28.0844
31.1875
28.0325
31.1584
29.6326
29.8484
31.0618
31.2029
30.0521
30.9027
33.025
31.0331
28.0872
31.1333
32.513
34.0182
31.055
30.0268
30.0207
32.8387
32.8985
34.03
30.0207
31.0881
29.6554
32.4897
32.4897
34.0413
32.83
30.9001
28.0719
30.0806
30.9087
31.0877
32.5954
33.8747
30.0173
31.066
28.0698
32.513
31.0698
33.0071
31.0447
30.6372
32.5603
28.1505
32.4897
32.6017
30.6372
33.8902
29.9906
34.0594
31.0816
30.8842
29.9589
29.6598
31.2581
29.6119
31.173
34.0163
34.0594
33.4924
32.4897
30.0207
33.8855
31.2212
32.9734
28.105
31.057
33.6037
31.0165
29.6494
28.1706
28.0844
36.9902
28.135
31.1354
29.9821
32.4692
31.0816
28.3216
28.2984
32.5047
35.1379
31.1487
30.0363
29.6494
30.9963
34.1627
30.97
29.663
28.1105
31.0145
31.2193
32.5891
31.1125
30.0173
29.7027
32.8515
28.0872
30.9207
33.8747
31.167
28.1014
30.5158
29.5183
30.0961
31.0605
28.0844
26.7296
34.0286
28.0307
31.1819
28.1178
31.0793
30.0207
31.0877
29.6176
29.6598
28.0153
28.0264
29.9778
31.1584
30.0151
28.1262
28.2098
31.0881
28.068
30.9208
29.6922
28.0313
28.0158
31.2643
29.5271
31.1374
34.0594
28.0872
32.4464
32.5684
32.9734
29.6946
31.2536
29.6966
30.0363
31.2194
28.1706
31.0805
27.9845
33.4924
30.9659
29.7027
30.9963
31.0183
29.5195
30.9411
29.9766
30.0454
29.9717
32.9734
31.1478
34.0917
32.585
29.5368
28.146
27.6508
30.9156
31.1176
30.9735
32.9153
26.7405
31.0317
29.6306
28.0158
29.6554
29.6946
36.2477
30.916
28.0607
35.8116
30.6192
31.2212
31.0447
29.6631
31.055
31.0331
31.052
33.8839
28.2628
31.173
28.0719
29.514
28.0844
33.9347
30.066
30.9901
30.0706
30.9528
29.9589
30.97
30.8842
30.6372
31.0417
31.0792
31.1074
29.514
29.6293
28.0085
31.0053
28.0511
29.6494
32.8387
34.1267
35.4438
31.236
31.0805
28.0413
32.8387
29.6671
32.9734
29.8151
28.1092
30.897
30.0173
31.0605
32.8229
30.9131
30.0435
30.0521
30.8842
31.2187
31.2212
29.6598
34.1094
29.6966
31.0145
31.1354
28.1295
29.9973
31.2091
32.5769
30.0299
26.7291
31.1309
32.5161
31.1918
31.2089
30.9189
30.0328
29.6306
30.0173
32.8885
31.0877
31.0698
29.5324
31.0183
31.2272
31.0773
30.0521
32.5022
30.8766
34.1141
29.9403
29.6416
29.4926
31.038
28.1683
30.0328
31.0943
31.3679
29.6966
32.4897
31.0165
31.1917
29.9611
29.6598
32.513
31.052
30.9399
33.8855
31.051
32.969
30.0484
34.0772
31.1909
30.8916
31.0881
35.4555
30.9659
28.0325
30.0134
26.7269
31.038
31.2109
30.897
29.9906
31.052
30.0501
29.9624
31.0582
31.2029
32.9734
32.9052
28.0131
30.0922
29.6494
30.0207
29.6758
28.0365
31.2212
32.5769
30.0268
31.0784
34.0917
31.0658
33.0142
29.6306
29.8675
30.9462
31.2029
32.513
32.9202
32.4897
31.0972
33.8871
28.2232
31.2168
30.5217
28.1852
29.9717
31.0946
29.976
29.6966
36.9218
28.2248
30.8842
29.976
34.1259
30.9208
30.8586
30.9309
32.8194
31.0617
32.5891
31.0822
30.8842
31.1354
31.0198
29.6306
31.0189
30.0151
32.5769
31.0805
32.615
33.9834
33.5355
27.9947
33.8871
28.1424
31.0805
32.69
29.9795
29.6518
31.0341
29.7027
31.1763
30.4588
30.0151
31.0784
31.2212
29.9383
31.0198
31.0183
29.9645
27.9999
33.0149
30.0435
28.0511
29.9624
28.1706
28.0698
32.4897
32.5388
35.4555
28.0172
29.9591
31.1354
26.7291
28.1066
33.7804
30.0151
31.0881
29.7027
32.5909
28.1066
28.1041
28.3171
30.8842
29.9983
34.0829
31.1784
32.513
28.0719
32.569
30.0173
32.9999
34.0963
28.0741
31.0145
29.9988
34.5654
32.6891
31.0183
31.0183
30.8785
34.0594
30.552
30.6372
30.0299
29.9699
26.7296
26.7269
31.2212
31.215
27.9824
36.3527
35.7328
34.0594
34.1141
28.1671
28.0356
35.4555
28.2545
28.2285
31.1354
32.5055
26.6367
29.6553
32.5541
30.907
31.0587
30.0328
32.4715
33.8747
31.0881
32.9685
30.0806
32.3557
29.5271
30.0151
34.0818
31.052
31.0822
32.5104
31.1299
28.1288
30.0151
30.8943
32.9219
31.0429
31.107
29.8453
28.0453
34.0829
30.897
31.0183
26.6555
32.5047
29.993
29.993
32.5047
29.6598
30.0207
30.8842
31.2212
29.5982
29.5151
31.1399
30.9259
29.993
31.055
32.1778
34.0711
31.1739
26.6926
32.4897
35.8419
31.1536
32.9904
31.2212
32.8387
29.6966
35.7694
31.0209
29.9978
30.0142
31.0637
29.9626
30.0001
32.9857
30.9297
28.0511
32.9778
32.5161
32.5909
31.1875
31.1333
35.2669
32.4859
28.0887
28.068
31.0946
31.0805
29.9906
28.0698
31.2005
30.9338
32.5015
28.0703
31.2581
28.0368
34.0173
26.614
33.8842
30.8842
31.0324
29.6015
31.0368
29.9611
35.7694
30.8398
29.9981
31.1584
31.0954
33.0005
30.9341
31.2029
32.6521
31.2212
30.9975
30.8847
29.5336
30.9725
28.0719
31.2212
31.1354
29.7027
29.5949
32.5161
31.0943
29.5271
29.6518
32.5047
26.6739
29.9381
33.0174
30.0713
29.9569
31.1
34.0471
31.2212
30.8842
31.1784
29.976
29.6671
30.0151
32.4666
32.9329
34.5585
29.6598
30.9338
31.0183
35.1379
31.1022
28.0313
28.0313
31.0964
30.0299
28.1701
28.0511
29.9988
30.0328
32.9953
28.0528
30.9208
31.215
31.0637
28.2797
32.6196
31.1539
28.0444
31.2761
30.0435
32.513
29.9626
31.0165
32.9298
28.0519
30.7899
36.9954
29.6966
34.0829
31.1595
29.5519
29.6598
28.1531
32.5263
32.9117
31.1348
29.544
29.9766
28.0607
31.0787
28.0307
32.5022
31.2029
30.0207
31.2194
28.146
32.8937
30.0176
32.5684
30.9356
31.0587
28.0499
30.0779
