n 67
66
1 2 147 100 0.9 0.00132295404286
2 1 147 100 0.9 0.00149063749621
2 3 131 100 0.9 0.00149063749621
2 4 123 100 0.9 0.00149063749621
3 2 131 100 0.9 0.00154117652427
3 5 125 100 0.9 0.00154117652427
4 2 123 100 0.9 0.00144121299596
4 5 127 100 0.9 0.00144121299596
4 8 125 100 0.9 0.00144121299596
5 3 125 100 0.9 0.00178133408685
5 4 127 100 0.9 0.00178133408685
5 6 125 100 0.9 0.00178133408685
5 9 125 100 0.9 0.00178133408685
6 5 125 100 0.9 0.00112292227254
6 7 125 100 0.9 0.00112292227254
6 10 125 100 0.9 0.00112292227254
7 6 125 100 0.9 0.00103939102147
7 11 121 100 0.9 0.00103939102147
8 4 125 100 0.9 0.00180879295235
8 9 125 100 0.9 0.00180879295235
8 14 123 100 0.9 0.00180879295235
9 5 125 100 0.9 0.00138863484178
9 8 125 100 0.9 0.00138863484178
9 10 125 100 0.9 0.00138863484178
9 15 125 100 0.9 0.00138863484178
10 6 125 100 0.9 0.00158304871417
10 9 125 100 0.9 0.00158304871417
10 11 125 100 0.9 0.00158304871417
10 16 125 100 0.9 0.00158304871417
11 7 121 100 0.9 0.00158403597442
11 10 125 100 0.9 0.00158403597442
11 12 125 100 0.9 0.00158403597442
11 17 125 100 0.9 0.00158403597442
12 11 125 100 0.9 0.00175311358382
12 13 125 100 0.9 0.00175311358382
12 18 125 100 0.9 0.00175311358382
13 12 125 100 0.9 0.00125056164378
13 19 125 100 0.9 0.00125056164378
13 20 222 100 0.9 0.00125056164378
14 8 123 100 0.9 0.00189173334173
14 15 125 100 0.9 0.00189173334173
14 29 125 100 0.9 0.00189173334173
15 9 125 100 0.9 0.00142189160082
15 14 125 100 0.9 0.00142189160082
15 16 125 100 0.9 0.00142189160082
15 30 125 100 0.9 0.00142189160082
16 10 125 100 0.9 0.00185682870418
16 15 125 100 0.9 0.00185682870418
16 17 125 100 0.9 0.00185682870418
16 31 125 100 0.9 0.00185682870418
17 11 125 100 0.9 0.0018786278144
17 16 126 100 0.9 0.0018786278144
17 18 125 100 0.9 0.0018786278144
17 32 125 100 0.9 0.0018786278144
18 12 125 100 0.9 0.00172587086272
18 17 125 100 0.9 0.00172587086272
18 19 125 100 0.9 0.00172587086272
18 33 125 100 0.9 0.00172587086272
19 13 125 100 0.9 0.00118599539336
19 18 125 100 0.9 0.00118599539336
19 20 130 100 0.9 0.00118599539336
19 34 125 100 0.9 0.00118599539336
20 13 222 100 0.9 0.00168504504005
20 19 130 100 0.9 0.00168504504005
20 21 125 100 0.9 0.00168504504005
20 35 125 100 0.9 0.00168504504005
21 20 125 100 0.9 0.00119911310729
21 22 125 100 0.9 0.00119911310729
21 36 125 100 0.9 0.00119911310729
22 21 125 100 0.9 0.00130023191062
22 23 128 100 0.9 0.00130023191062
22 37 125 100 0.9 0.00130023191062
23 22 128 100 0.9 0.00198839677585
23 24 125 100 0.9 0.00198839677585
23 38 125 100 0.9 0.00198839677585
24 25 125 100 0.9 0.00118683961475
24 26 125 100 0.9 0.00118683961475
24 39 125 100 0.9 0.00118683961475
25 24 125 100 0.9 0.00162759209067
26 24 125 100 0.9 0.00193609655825
26 27 193 100 0.9 0.00193609655825
27 26 193 100 0.9 0.00144273631824
27 28 60 100 0.9 0.00144273631824
28 27 60 100 0.9 0.00126844495159
29 14 125 100 0.9 0.00196382346993
30 15 125 100 0.9 0.00189741484122
30 31 125 100 0.9 0.00189741484122
31 16 125 100 0.9 0.00175818593093
31 30 125 100 0.9 0.00175818593093
31 32 125 100 0.9 0.00175818593093
31 41 125 100 0.9 0.00175818593093
32 17 125 100 0.9 0.00121070971724
32 31 125 100 0.9 0.00121070971724
32 33 125 100 0.9 0.00121070971724
32 42 125 100 0.9 0.00121070971724
33 18 125 100 0.9 0.00157425670878
33 32 125 100 0.9 0.00157425670878
33 34 125 100 0.9 0.00157425670878
33 43 125 100 0.9 0.00157425670878
34 19 125 100 0.9 0.00107264768956
34 33 125 100 0.9 0.00107264768956
34 44 125 100 0.9 0.00107264768956
35 20 125 100 0.9 0.00196118059478
35 36 130 100 0.9 0.00196118059478
35 45 125 100 0.9 0.00196118059478
36 21 135 100 0.9 0.00112956626341
36 35 130 100 0.9 0.00112956626341
36 37 125 100 0.9 0.00112956626341
36 46 127 100 0.9 0.00112956626341
37 22 125 100 0.9 0.00180402048925
37 36 125 100 0.9 0.00180402048925
37 38 125 100 0.9 0.00180402048925
37 47 125 100 0.9 0.00180402048925
38 23 125 100 0.9 0.00157660001488
38 37 125 100 0.9 0.00157660001488
38 39 135 100 0.9 0.00157660001488
38 48 125 100 0.9 0.00157660001488
39 24 125 100 0.9 0.0013341172123
39 38 135 100 0.9 0.0013341172123
40 41 125 100 0.9 0.00146111122893
41 31 125 100 0.9 0.00141438019294
41 40 125 100 0.9 0.00141438019294
41 42 125 100 0.9 0.00141438019294
42 32 125 100 0.9 0.00139709966602
42 41 125 100 0.9 0.00139709966602
42 43 125 100 0.9 0.00139709966602
42 49 125 100 0.9 0.00139709966602
43 33 125 100 0.9 0.00149666393104
43 42 125 100 0.9 0.00149666393104
43 44 125 100 0.9 0.00149666393104
43 50 125 100 0.9 0.00149666393104
44 34 125 100 0.9 0.00108787691987
44 43 125 100 0.9 0.00108787691987
44 45 135 100 0.9 0.00108787691987
44 51 125 100 0.9 0.00108787691987
45 35 125 100 0.9 0.00174039111819
45 44 125 100 0.9 0.00174039111819
45 46 140 100 0.9 0.00174039111819
45 52 125 100 0.9 0.00174039111819
46 36 125 100 0.9 0.00141951032219
46 45 140 100 0.9 0.00141951032219
46 47 125 100 0.9 0.00141951032219
46 53 125 100 0.9 0.00141951032219
47 37 125 100 0.9 0.00165591143961
47 46 125 100 0.9 0.00165591143961
47 48 130 100 0.9 0.00165591143961
47 54 125 100 0.9 0.00165591143961
48 38 125 100 0.9 0.00119422693029
48 47 130 100 0.9 0.00119422693029
49 42 125 100 0.9 0.00135662351196
49 50 120 100 0.9 0.00135662351196
50 43 125 100 0.9 0.00196480898694
50 49 120 100 0.9 0.00196480898694
50 51 125 100 0.9 0.00196480898694
50 55 125 100 0.9 0.00196480898694
51 44 125 100 0.9 0.00105513336479
51 50 125 100 0.9 0.00105513336479
51 52 135 100 0.9 0.00105513336479
51 56 125 100 0.9 0.00105513336479
52 45 125 100 0.9 0.00109554990564
52 51 135 100 0.9 0.00109554990564
52 53 150 100 0.9 0.00109554990564
52 57 125 100 0.9 0.00109554990564
53 46 125 100 0.9 0.00121610359898
53 52 150 100 0.9 0.00121610359898
53 54 125 100 0.9 0.00121610359898
53 58 125 100 0.9 0.00121610359898
54 47 125 100 0.9 0.00156624380701
54 53 125 100 0.9 0.00156624380701
54 59 125 100 0.9 0.00156624380701
55 50 125 100 0.9 0.00187860644932
55 56 125 100 0.9 0.00187860644932
56 51 125 100 0.9 0.00160610122891
56 55 125 100 0.9 0.00160610122891
56 57 135 100 0.9 0.00160610122891
56 60 90 100 0.9 0.00160610122891
57 52 125 100 0.9 0.00164256956645
57 56 135 100 0.9 0.00164256956645
57 58 150 100 0.9 0.00164256956645
57 61 90 100 0.9 0.00164256956645
58 53 125 100 0.9 0.001977125755
58 57 150 100 0.9 0.001977125755
58 59 125 100 0.9 0.001977125755
59 54 125 100 0.9 0.00170020432962
59 58 125 100 0.9 0.00170020432962
60 56 90 100 0.9 0.00166177235088
60 61 150 100 0.9 0.00166177235088
60 62 160 100 0.9 0.00166177235088
61 57 90 100 0.9 0.00187142525215
61 60 150 100 0.9 0.00187142525215
61 62 143 100 0.9 0.00187142525215
62 60 160 100 0.9 0.00151691476741
62 61 143 100 0.9 0.00151691476741
62 63 88 100 0.9 0.00151691476741
63 62 88 100 0.9 0.00141921002148
63 64 199 100 0.9 0.00141921002148
63 67 370 100 0.9 0.00141921002148
64 63 199 100 0.9 0.00189115365302
64 65 125 100 0.9 0.00189115365302
65 64 125 100 0.9 0.00109038056051
65 66 263 100 0.9 0.00109038056051
66 65 263 100 0.9 0.0013072115144
66 67 175 100 0.9 0.0013072115144
67 63 370 100 0.9 0.00169304005035
67 66 175 100 0.9 0.00169304005035
