n 67
66
1 2 147 100 0.78489715381 0.00577136533961
2 1 147 100 0.875498500514 0.00833300950178
2 3 131 100 0.875498500514 0.00833300950178
2 4 123 100 0.875498500514 0.00833300950178
3 2 131 100 0.767412701982 0.00553909092426
3 5 125 100 0.767412701982 0.00553909092426
4 2 123 100 0.868114296322 0.00959217464426
4 5 127 100 0.868114296322 0.00959217464426
4 8 125 100 0.868114296322 0.00959217464426
5 3 125 100 0.847192166034 0.00377637618986
5 4 127 100 0.847192166034 0.00377637618986
5 6 125 100 0.847192166034 0.00377637618986
5 9 125 100 0.847192166034 0.00377637618986
6 5 125 100 0.9406666095 0.00682409292619
6 7 125 100 0.9406666095 0.00682409292619
6 10 125 100 0.9406666095 0.00682409292619
7 6 125 100 0.928440349504 0.00615459024122
7 11 121 100 0.928440349504 0.00615459024122
8 4 125 100 0.94779210071 0.00106624520661
8 9 125 100 0.94779210071 0.00106624520661
8 14 123 100 0.94779210071 0.00106624520661
9 5 125 100 0.795075555569 0.00620994330912
9 8 125 100 0.795075555569 0.00620994330912
9 10 125 100 0.795075555569 0.00620994330912
9 15 125 100 0.795075555569 0.00620994330912
10 6 125 100 0.882042400053 0.00152028507929
10 9 125 100 0.882042400053 0.00152028507929
10 11 125 100 0.882042400053 0.00152028507929
10 16 125 100 0.882042400053 0.00152028507929
11 7 121 100 0.751958774343 0.00183745668674
11 10 125 100 0.751958774343 0.00183745668674
11 12 125 100 0.751958774343 0.00183745668674
11 17 125 100 0.751958774343 0.00183745668674
12 11 125 100 0.776890557572 0.00705309866703
12 13 125 100 0.776890557572 0.00705309866703
12 18 125 100 0.776890557572 0.00705309866703
13 12 125 100 0.896321309731 0.00847638702102
13 19 125 100 0.896321309731 0.00847638702102
13 20 222 100 0.896321309731 0.00847638702102
14 8 123 100 0.866558732498 0.00734251114415
14 15 125 100 0.866558732498 0.00734251114415
14 29 125 100 0.866558732498 0.00734251114415
15 9 125 100 0.779841961568 0.00591684541787
15 14 125 100 0.779841961568 0.00591684541787
15 16 125 100 0.779841961568 0.00591684541787
15 30 125 100 0.779841961568 0.00591684541787
16 10 125 100 0.758335289594 0.00982628783185
16 15 125 100 0.758335289594 0.00982628783185
16 17 125 100 0.758335289594 0.00982628783185
16 31 125 100 0.758335289594 0.00982628783185
17 11 125 100 0.790297317148 0.0066379247846
17 16 126 100 0.790297317148 0.0066379247846
17 18 125 100 0.790297317148 0.0066379247846
17 32 125 100 0.790297317148 0.0066379247846
18 12 125 100 0.922893559441 0.00804464765462
18 17 125 100 0.922893559441 0.00804464765462
18 19 125 100 0.922893559441 0.00804464765462
18 33 125 100 0.922893559441 0.00804464765462
19 13 125 100 0.751238309863 0.00832928525011
19 18 125 100 0.751238309863 0.00832928525011
19 20 130 100 0.751238309863 0.00832928525011
19 34 125 100 0.751238309863 0.00832928525011
20 13 222 100 0.820740775704 0.00634204906781
20 19 130 100 0.820740775704 0.00634204906781
20 21 125 100 0.820740775704 0.00634204906781
20 35 125 100 0.820740775704 0.00634204906781
21 20 125 100 0.915646775096 0.00209994655136
21 22 125 100 0.915646775096 0.00209994655136
21 36 125 100 0.915646775096 0.00209994655136
22 21 125 100 0.895292462285 0.00122355759271
22 23 128 100 0.895292462285 0.00122355759271
22 37 125 100 0.895292462285 0.00122355759271
23 22 128 100 0.815601446332 0.00604193679183
23 24 125 100 0.815601446332 0.00604193679183
23 38 125 100 0.815601446332 0.00604193679183
24 25 125 100 0.779942729319 0.00634059748357
24 26 125 100 0.779942729319 0.00634059748357
24 39 125 100 0.779942729319 0.00634059748357
25 24 125 100 0.780478085961 0.0039298235939
26 24 125 100 0.764166807045 0.00900657951059
26 27 193 100 0.764166807045 0.00900657951059
27 26 193 100 0.844172950799 0.00381850844685
27 28 60 100 0.844172950799 0.00381850844685
28 27 60 100 0.797325855736 0.00874305736698
29 14 125 100 0.794236338083 0.00659808378544
30 15 125 100 0.837846404981 0.0033459271797
30 31 125 100 0.837846404981 0.0033459271797
31 16 125 100 0.877545791442 0.0047208467719
31 30 125 100 0.877545791442 0.0047208467719
31 32 125 100 0.877545791442 0.0047208467719
31 41 125 100 0.877545791442 0.0047208467719
32 17 125 100 0.839236044754 0.00975221794984
32 31 125 100 0.839236044754 0.00975221794984
32 33 125 100 0.839236044754 0.00975221794984
32 42 125 100 0.839236044754 0.00975221794984
33 18 125 100 0.8083354376 0.0017218115741
33 32 125 100 0.8083354376 0.0017218115741
33 34 125 100 0.8083354376 0.0017218115741
33 43 125 100 0.8083354376 0.0017218115741
34 19 125 100 0.750148537532 0.00263853524552
34 33 125 100 0.750148537532 0.00263853524552
34 44 125 100 0.750148537532 0.00263853524552
35 20 125 100 0.883579066116 0.00339160080706
35 36 130 100 0.883579066116 0.00339160080706
35 45 125 100 0.883579066116 0.00339160080706
36 21 135 100 0.802701206778 0.00271021359955
36 35 130 100 0.802701206778 0.00271021359955
36 37 125 100 0.802701206778 0.00271021359955
36 46 127 100 0.802701206778 0.00271021359955
37 22 125 100 0.813548941595 0.00527168852062
37 36 125 100 0.813548941595 0.00527168852062
37 38 125 100 0.813548941595 0.00527168852062
37 47 125 100 0.813548941595 0.00527168852062
38 23 125 100 0.825053237241 0.00792679575227
38 37 125 100 0.825053237241 0.00792679575227
38 39 135 100 0.825053237241 0.00792679575227
38 48 125 100 0.825053237241 0.00792679575227
39 24 125 100 0.799623084727 0.0055382833281
39 38 135 100 0.799623084727 0.0055382833281
40 41 125 100 0.949447612677 0.00236161989341
41 31 125 100 0.787664833362 0.00370318287984
41 40 125 100 0.787664833362 0.00370318287984
41 42 125 100 0.787664833362 0.00370318287984
42 32 125 100 0.846190696997 0.0030661548297
42 41 125 100 0.846190696997 0.0030661548297
42 43 125 100 0.846190696997 0.0030661548297
42 49 125 100 0.846190696997 0.0030661548297
43 33 125 100 0.776893545236 0.00252248685957
43 42 125 100 0.776893545236 0.00252248685957
43 44 125 100 0.776893545236 0.00252248685957
43 50 125 100 0.776893545236 0.00252248685957
44 34 125 100 0.78810426386 0.00660587999488
44 43 125 100 0.78810426386 0.00660587999488
44 45 135 100 0.78810426386 0.00660587999488
44 51 125 100 0.78810426386 0.00660587999488
45 35 125 100 0.913938805369 0.00297921585331
45 44 125 100 0.913938805369 0.00297921585331
45 46 140 100 0.913938805369 0.00297921585331
45 52 125 100 0.913938805369 0.00297921585331
46 36 125 100 0.929863058085 0.00808278496733
46 45 140 100 0.929863058085 0.00808278496733
46 47 125 100 0.929863058085 0.00808278496733
46 53 125 100 0.929863058085 0.00808278496733
47 37 125 100 0.763666082973 0.00605713369501
47 46 125 100 0.763666082973 0.00605713369501
47 48 130 100 0.763666082973 0.00605713369501
47 54 125 100 0.763666082973 0.00605713369501
48 38 125 100 0.764664576535 0.00829208093633
48 47 130 100 0.764664576535 0.00829208093633
49 42 125 100 0.843500527541 0.00119478169659
49 50 120 100 0.843500527541 0.00119478169659
50 43 125 100 0.75864521845 0.00364396236623
50 49 120 100 0.75864521845 0.00364396236623
50 51 125 100 0.75864521845 0.00364396236623
50 55 125 100 0.75864521845 0.00364396236623
51 44 125 100 0.751497466676 0.0071675160342
51 50 125 100 0.751497466676 0.0071675160342
51 52 135 100 0.751497466676 0.0071675160342
51 56 125 100 0.751497466676 0.0071675160342
52 45 125 100 0.910572292516 0.00871074463648
52 51 135 100 0.910572292516 0.00871074463648
52 53 150 100 0.910572292516 0.00871074463648
52 57 125 100 0.910572292516 0.00871074463648
53 46 125 100 0.867184946814 0.00844712664047
53 52 150 100 0.867184946814 0.00844712664047
53 54 125 100 0.867184946814 0.00844712664047
53 58 125 100 0.867184946814 0.00844712664047
54 47 125 100 0.845758760185 0.00773927080819
54 53 125 100 0.845758760185 0.00773927080819
54 59 125 100 0.845758760185 0.00773927080819
55 50 125 100 0.933418402868 0.00240791286534
55 56 125 100 0.933418402868 0.00240791286534
56 51 125 100 0.822867523528 0.00967176182532
56 55 125 100 0.822867523528 0.00967176182532
56 57 135 100 0.822867523528 0.00967176182532
56 60 90 100 0.822867523528 0.00967176182532
57 52 125 100 0.792775135 0.00649224061351
57 56 135 100 0.792775135 0.00649224061351
57 58 150 100 0.792775135 0.00649224061351
57 61 90 100 0.792775135 0.00649224061351
58 53 125 100 0.8136952437 0.00453019634008
58 57 150 100 0.8136952437 0.00453019634008
58 59 125 100 0.8136952437 0.00453019634008
59 54 125 100 0.790968443237 0.00950770737003
59 58 125 100 0.790968443237 0.00950770737003
60 56 90 100 0.825523838519 0.00917366531612
60 61 150 100 0.825523838519 0.00917366531612
60 62 160 100 0.825523838519 0.00917366531612
61 57 90 100 0.927022054851 0.00582851656232
61 60 150 100 0.927022054851 0.00582851656232
61 62 143 100 0.927022054851 0.00582851656232
62 60 160 100 0.880130773247 0.00223939662853
62 61 143 100 0.880130773247 0.00223939662853
62 63 88 100 0.880130773247 0.00223939662853
63 62 88 100 0.920910240203 0.00157308794697
63 64 199 100 0.920910240203 0.00157308794697
63 67 370 100 0.920910240203 0.00157308794697
64 63 199 100 0.911445007085 0.00937901727619
64 65 125 100 0.911445007085 0.00937901727619
65 64 125 100 0.771990069653 0.00905346655836
65 66 263 100 0.771990069653 0.00905346655836
66 65 263 100 0.938045841336 0.00821192459906
66 67 175 100 0.938045841336 0.00821192459906
67 63 370 100 0.938713409516 0.00686378197148
67 66 175 100 0.938713409516 0.00686378197148
