n 67
66
1 2 147 100 0.86594244927 0.00668999761328
2 1 147 100 0.912564917003 0.00457291362593
2 3 131 100 0.912564917003 0.00457291362593
2 4 123 100 0.912564917003 0.00457291362593
3 2 131 100 0.930571835217 0.00555620055715
3 5 125 100 0.930571835217 0.00555620055715
4 2 123 100 0.845603721553 0.00831620917063
4 5 127 100 0.845603721553 0.00831620917063
4 8 125 100 0.845603721553 0.00831620917063
5 3 125 100 0.838159724175 0.00516672020908
5 4 127 100 0.838159724175 0.00516672020908
5 6 125 100 0.838159724175 0.00516672020908
5 9 125 100 0.838159724175 0.00516672020908
6 5 125 100 0.829574637452 0.00473497407442
6 7 125 100 0.829574637452 0.00473497407442
6 10 125 100 0.829574637452 0.00473497407442
7 6 125 100 0.807401542537 0.00284260726337
7 11 121 100 0.807401542537 0.00284260726337
8 4 125 100 0.91993672667 0.00726641175575
8 9 125 100 0.91993672667 0.00726641175575
8 14 123 100 0.91993672667 0.00726641175575
9 5 125 100 0.876347581227 0.00174498901568
9 8 125 100 0.876347581227 0.00174498901568
9 10 125 100 0.876347581227 0.00174498901568
9 15 125 100 0.876347581227 0.00174498901568
10 6 125 100 0.751953734754 0.00292874085235
10 9 125 100 0.751953734754 0.00292874085235
10 11 125 100 0.751953734754 0.00292874085235
10 16 125 100 0.751953734754 0.00292874085235
11 7 121 100 0.849074172445 0.00277822010254
11 10 125 100 0.849074172445 0.00277822010254
11 12 125 100 0.849074172445 0.00277822010254
11 17 125 100 0.849074172445 0.00277822010254
12 11 125 100 0.847283633808 0.00112839884351
12 13 125 100 0.847283633808 0.00112839884351
12 18 125 100 0.847283633808 0.00112839884351
13 12 125 100 0.782619457484 0.0066417420737
13 19 125 100 0.782619457484 0.0066417420737
13 20 222 100 0.782619457484 0.0066417420737
14 8 123 100 0.853972405295 0.00337895424518
14 15 125 100 0.853972405295 0.00337895424518
14 29 125 100 0.853972405295 0.00337895424518
15 9 125 100 0.872280078433 0.00235233814082
15 14 125 100 0.872280078433 0.00235233814082
15 16 125 100 0.872280078433 0.00235233814082
15 30 125 100 0.872280078433 0.00235233814082
16 10 125 100 0.912926926118 0.00405784106109
16 15 125 100 0.912926926118 0.00405784106109
16 17 125 100 0.912926926118 0.00405784106109
16 31 125 100 0.912926926118 0.00405784106109
17 11 125 100 0.76484512019 0.00293811444707
17 16 126 100 0.76484512019 0.00293811444707
17 18 125 100 0.76484512019 0.00293811444707
17 32 125 100 0.76484512019 0.00293811444707
18 12 125 100 0.947148698875 0.00998596096388
18 17 125 100 0.947148698875 0.00998596096388
18 19 125 100 0.947148698875 0.00998596096388
18 33 125 100 0.947148698875 0.00998596096388
19 13 125 100 0.915638736431 0.00959037491776
19 18 125 100 0.915638736431 0.00959037491776
19 20 130 100 0.915638736431 0.00959037491776
19 34 125 100 0.915638736431 0.00959037491776
20 13 222 100 0.901299951782 0.0058944214889
20 19 130 100 0.901299951782 0.0058944214889
20 21 125 100 0.901299951782 0.0058944214889
20 35 125 100 0.901299951782 0.0058944214889
21 20 125 100 0.784121837386 0.00672723818469
21 22 125 100 0.784121837386 0.00672723818469
21 36 125 100 0.784121837386 0.00672723818469
22 21 125 100 0.850437199316 0.00573621305892
22 23 128 100 0.850437199316 0.00573621305892
22 37 125 100 0.850437199316 0.00573621305892
23 22 128 100 0.889948481779 0.00968316995028
23 24 125 100 0.889948481779 0.00968316995028
23 38 125 100 0.889948481779 0.00968316995028
24 25 125 100 0.882389310212 0.00458674360862
24 26 125 100 0.882389310212 0.00458674360862
24 39 125 100 0.882389310212 0.00458674360862
25 24 125 100 0.798212607896 0.00610322869322
26 24 125 100 0.901813762542 0.00930123930259
26 27 193 100 0.901813762542 0.00930123930259
27 26 193 100 0.895111658045 0.00936265628633
27 28 60 100 0.895111658045 0.00936265628633
28 27 60 100 0.892715982788 0.00572705463471
29 14 125 100 0.842050075629 0.00970887569343
30 15 125 100 0.758356849853 0.00732192234092
30 31 125 100 0.758356849853 0.00732192234092
31 16 125 100 0.76594683332 0.00583230526036
31 30 125 100 0.76594683332 0.00583230526036
31 32 125 100 0.76594683332 0.00583230526036
31 41 125 100 0.76594683332 0.00583230526036
32 17 125 100 0.814028329169 0.00373036849396
32 31 125 100 0.814028329169 0.00373036849396
32 33 125 100 0.814028329169 0.00373036849396
32 42 125 100 0.814028329169 0.00373036849396
33 18 125 100 0.868559560877 0.0010106896088
33 32 125 100 0.868559560877 0.0010106896088
33 34 125 100 0.868559560877 0.0010106896088
33 43 125 100 0.868559560877 0.0010106896088
34 19 125 100 0.819209723455 0.00222104507765
34 33 125 100 0.819209723455 0.00222104507765
34 44 125 100 0.819209723455 0.00222104507765
35 20 125 100 0.789366050168 0.00466187419021
35 36 130 100 0.789366050168 0.00466187419021
35 45 125 100 0.789366050168 0.00466187419021
36 21 135 100 0.816026253718 0.00981336812975
36 35 130 100 0.816026253718 0.00981336812975
36 37 125 100 0.816026253718 0.00981336812975
36 46 127 100 0.816026253718 0.00981336812975
37 22 125 100 0.835411978673 0.00319384952623
37 36 125 100 0.835411978673 0.00319384952623
37 38 125 100 0.835411978673 0.00319384952623
37 47 125 100 0.835411978673 0.00319384952623
38 23 125 100 0.822291667956 0.00447850842377
38 37 125 100 0.822291667956 0.00447850842377
38 39 135 100 0.822291667956 0.00447850842377
38 48 125 100 0.822291667956 0.00447850842377
39 24 125 100 0.913269047324 0.00665321699744
39 38 135 100 0.913269047324 0.00665321699744
40 41 125 100 0.814557585621 0.0069530739976
41 31 125 100 0.813263778146 0.00484360969322
41 40 125 100 0.813263778146 0.00484360969322
41 42 125 100 0.813263778146 0.00484360969322
42 32 125 100 0.940518273037 0.00909670374407
42 41 125 100 0.940518273037 0.00909670374407
42 43 125 100 0.940518273037 0.00909670374407
42 49 125 100 0.940518273037 0.00909670374407
43 33 125 100 0.884029892812 0.00812225629212
43 42 125 100 0.884029892812 0.00812225629212
43 44 125 100 0.884029892812 0.00812225629212
43 50 125 100 0.884029892812 0.00812225629212
44 34 125 100 0.830966046414 0.00880275720663
44 43 125 100 0.830966046414 0.00880275720663
44 45 135 100 0.830966046414 0.00880275720663
44 51 125 100 0.830966046414 0.00880275720663
45 35 125 100 0.894288116398 0.00587228218928
45 44 125 100 0.894288116398 0.00587228218928
45 46 140 100 0.894288116398 0.00587228218928
45 52 125 100 0.894288116398 0.00587228218928
46 36 125 100 0.939819288743 0.00268510811674
46 45 140 100 0.939819288743 0.00268510811674
46 47 125 100 0.939819288743 0.00268510811674
46 53 125 100 0.939819288743 0.00268510811674
47 37 125 100 0.830989539139 0.00432939186452
47 46 125 100 0.830989539139 0.00432939186452
47 48 130 100 0.830989539139 0.00432939186452
47 54 125 100 0.830989539139 0.00432939186452
48 38 125 100 0.916598548723 0.00124749464144
48 47 130 100 0.916598548723 0.00124749464144
49 42 125 100 0.808724641467 0.00377759447723
49 50 120 100 0.808724641467 0.00377759447723
50 43 125 100 0.787323285884 0.00811699896944
50 49 120 100 0.787323285884 0.00811699896944
50 51 125 100 0.787323285884 0.00811699896944
50 55 125 100 0.787323285884 0.00811699896944
51 44 125 100 0.799615136284 0.00510873790353
51 50 125 100 0.799615136284 0.00510873790353
51 52 135 100 0.799615136284 0.00510873790353
51 56 125 100 0.799615136284 0.00510873790353
52 45 125 100 0.894257197671 0.00133718221091
52 51 135 100 0.894257197671 0.00133718221091
52 53 150 100 0.894257197671 0.00133718221091
52 57 125 100 0.894257197671 0.00133718221091
53 46 125 100 0.817073323043 0.00873569001515
53 52 150 100 0.817073323043 0.00873569001515
53 54 125 100 0.817073323043 0.00873569001515
53 58 125 100 0.817073323043 0.00873569001515
54 47 125 100 0.925712818832 0.00555654979806
54 53 125 100 0.925712818832 0.00555654979806
54 59 125 100 0.925712818832 0.00555654979806
55 50 125 100 0.861570090981 0.0064841088283
55 56 125 100 0.861570090981 0.0064841088283
56 51 125 100 0.765724766381 0.00777386126361
56 55 125 100 0.765724766381 0.00777386126361
56 57 135 100 0.765724766381 0.00777386126361
56 60 90 100 0.765724766381 0.00777386126361
57 52 125 100 0.84909806943 0.00978590151143
57 56 135 100 0.84909806943 0.00978590151143
57 58 150 100 0.84909806943 0.00978590151143
57 61 90 100 0.84909806943 0.00978590151143
58 53 125 100 0.932089981152 0.00264766712988
58 57 150 100 0.932089981152 0.00264766712988
58 59 125 100 0.932089981152 0.00264766712988
59 54 125 100 0.789562288164 0.00673351782033
59 58 125 100 0.789562288164 0.00673351782033
60 56 90 100 0.86269192419 0.00231351526862
60 61 150 100 0.86269192419 0.00231351526862
60 62 160 100 0.86269192419 0.00231351526862
61 57 90 100 0.798917686431 0.00809616317108
61 60 150 100 0.798917686431 0.00809616317108
61 62 143 100 0.798917686431 0.00809616317108
62 60 160 100 0.812832655093 0.00811863062703
62 61 143 100 0.812832655093 0.00811863062703
62 63 88 100 0.812832655093 0.00811863062703
63 62 88 100 0.762998109949 0.00568627141407
63 64 199 100 0.762998109949 0.00568627141407
63 67 370 100 0.762998109949 0.00568627141407
64 63 199 100 0.862930086295 0.00585526256965
64 65 125 100 0.862930086295 0.00585526256965
65 64 125 100 0.806305083552 0.00766779998776
65 66 263 100 0.806305083552 0.00766779998776
66 65 263 100 0.827460160127 0.00904040602462
66 67 175 100 0.827460160127 0.00904040602462
67 63 370 100 0.825292293478 0.00459787801827
67 66 175 100 0.825292293478 0.00459787801827
