n 67
66
1 2 147 100 0.832341050967 0.00315783819193
2 1 147 100 0.755525602955 0.00112295750914
2 3 131 100 0.755525602955 0.00112295750914
2 4 123 100 0.755525602955 0.00112295750914
3 2 131 100 0.794665004453 0.00411098640993
3 5 125 100 0.794665004453 0.00411098640993
4 2 123 100 0.613929454245 0.00626814193094
4 5 127 100 0.613929454245 0.00626814193094
4 8 125 100 0.613929454245 0.00626814193094
5 3 125 100 0.748274374469 0.00157039677048
5 4 127 100 0.748274374469 0.00157039677048
5 6 125 100 0.748274374469 0.00157039677048
5 9 125 100 0.748274374469 0.00157039677048
6 5 125 100 0.845031387893 0.0065112222936
6 7 125 100 0.845031387893 0.0065112222936
6 10 125 100 0.845031387893 0.0065112222936
7 6 125 100 0.806025629949 0.00511189983622
7 11 121 100 0.806025629949 0.00511189983622
8 4 125 100 0.831113822077 0.0054181438216
8 9 125 100 0.831113822077 0.0054181438216
8 14 123 100 0.831113822077 0.0054181438216
9 5 125 100 0.671944339938 0.00394618071658
9 8 125 100 0.671944339938 0.00394618071658
9 10 125 100 0.671944339938 0.00394618071658
9 15 125 100 0.671944339938 0.00394618071658
10 6 125 100 0.783878755334 0.00462424393093
10 9 125 100 0.783878755334 0.00462424393093
10 11 125 100 0.783878755334 0.00462424393093
10 16 125 100 0.783878755334 0.00462424393093
11 7 121 100 0.705042362627 0.00500200078326
11 10 125 100 0.705042362627 0.00500200078326
11 12 125 100 0.705042362627 0.00500200078326
11 17 125 100 0.705042362627 0.00500200078326
12 11 125 100 0.788053353411 0.00235152857575
12 13 125 100 0.788053353411 0.00235152857575
12 18 125 100 0.788053353411 0.00235152857575
13 12 125 100 0.677540045514 0.00435466865747
13 19 125 100 0.677540045514 0.00435466865747
13 20 222 100 0.677540045514 0.00435466865747
14 8 123 100 0.610561220359 0.00797161428613
14 15 125 100 0.610561220359 0.00797161428613
14 29 125 100 0.610561220359 0.00797161428613
15 9 125 100 0.826044569644 0.00397053347138
15 14 125 100 0.826044569644 0.00397053347138
15 16 125 100 0.826044569644 0.00397053347138
15 30 125 100 0.826044569644 0.00397053347138
16 10 125 100 0.816879246659 0.00261685639657
16 15 125 100 0.816879246659 0.00261685639657
16 17 125 100 0.816879246659 0.00261685639657
16 31 125 100 0.816879246659 0.00261685639657
17 11 125 100 0.841767000393 0.00979900968227
17 16 126 100 0.841767000393 0.00979900968227
17 18 125 100 0.841767000393 0.00979900968227
17 32 125 100 0.841767000393 0.00979900968227
18 12 125 100 0.715924803528 0.00457029748709
18 17 125 100 0.715924803528 0.00457029748709
18 19 125 100 0.715924803528 0.00457029748709
18 33 125 100 0.715924803528 0.00457029748709
19 13 125 100 0.832372269935 0.0092587780515
19 18 125 100 0.832372269935 0.0092587780515
19 20 130 100 0.832372269935 0.0092587780515
19 34 125 100 0.832372269935 0.0092587780515
20 13 222 100 0.740767556935 0.00754591516131
20 19 130 100 0.740767556935 0.00754591516131
20 21 125 100 0.740767556935 0.00754591516131
20 35 125 100 0.740767556935 0.00754591516131
21 20 125 100 0.648622939939 0.00348136049515
21 22 125 100 0.648622939939 0.00348136049515
21 36 125 100 0.648622939939 0.00348136049515
22 21 125 100 0.79024023412 0.0074238273665
22 23 128 100 0.79024023412 0.0074238273665
22 37 125 100 0.79024023412 0.0074238273665
23 22 128 100 0.786756059193 0.00442703395029
23 24 125 100 0.786756059193 0.00442703395029
23 38 125 100 0.786756059193 0.00442703395029
24 25 125 100 0.616869139352 0.00350237060276
24 26 125 100 0.616869139352 0.00350237060276
24 39 125 100 0.616869139352 0.00350237060276
25 24 125 100 0.619164774269 0.0038401550959
26 24 125 100 0.676184803836 0.00452194979801
26 27 193 100 0.676184803836 0.00452194979801
27 26 193 100 0.701719734043 0.0088958012824
27 28 60 100 0.701719734043 0.0088958012824
28 27 60 100 0.832621511151 0.00326898031724
29 14 125 100 0.697669906516 0.00338729693877
30 15 125 100 0.829142661696 0.00736943302949
30 31 125 100 0.829142661696 0.00736943302949
31 16 125 100 0.70826781419 0.00347550536795
31 30 125 100 0.70826781419 0.00347550536795
31 32 125 100 0.70826781419 0.00347550536795
31 41 125 100 0.70826781419 0.00347550536795
32 17 125 100 0.763452158524 0.00693974294109
32 31 125 100 0.763452158524 0.00693974294109
32 33 125 100 0.763452158524 0.00693974294109
32 42 125 100 0.763452158524 0.00693974294109
33 18 125 100 0.665684569868 0.00935608955481
33 32 125 100 0.665684569868 0.00935608955481
33 34 125 100 0.665684569868 0.00935608955481
33 43 125 100 0.665684569868 0.00935608955481
34 19 125 100 0.672937497058 0.0053446677471
34 33 125 100 0.672937497058 0.0053446677471
34 44 125 100 0.672937497058 0.0053446677471
35 20 125 100 0.811761795312 0.00924103827183
35 36 130 100 0.811761795312 0.00924103827183
35 45 125 100 0.811761795312 0.00924103827183
36 21 135 100 0.726552049972 0.00979157140973
36 35 130 100 0.726552049972 0.00979157140973
36 37 125 100 0.726552049972 0.00979157140973
36 46 127 100 0.726552049972 0.00979157140973
37 22 125 100 0.728968324709 0.00710949262918
37 36 125 100 0.728968324709 0.00710949262918
37 38 125 100 0.728968324709 0.00710949262918
37 47 125 100 0.728968324709 0.00710949262918
38 23 125 100 0.619956747669 0.005253509063
38 37 125 100 0.619956747669 0.005253509063
38 39 135 100 0.619956747669 0.005253509063
38 48 125 100 0.619956747669 0.005253509063
39 24 125 100 0.611743228875 0.00852519954926
39 38 135 100 0.611743228875 0.00852519954926
40 41 125 100 0.712741354178 0.00182380904607
41 31 125 100 0.818293374863 0.00336475415004
41 40 125 100 0.818293374863 0.00336475415004
41 42 125 100 0.818293374863 0.00336475415004
42 32 125 100 0.683370763531 0.0032727674672
42 41 125 100 0.683370763531 0.0032727674672
42 43 125 100 0.683370763531 0.0032727674672
42 49 125 100 0.683370763531 0.0032727674672
43 33 125 100 0.628733628893 0.00911634324976
43 42 125 100 0.628733628893 0.00911634324976
43 44 125 100 0.628733628893 0.00911634324976
43 50 125 100 0.628733628893 0.00911634324976
44 34 125 100 0.739434001812 0.00319987051616
44 43 125 100 0.739434001812 0.00319987051616
44 45 135 100 0.739434001812 0.00319987051616
44 51 125 100 0.739434001812 0.00319987051616
45 35 125 100 0.69707433275 0.00790386265186
45 44 125 100 0.69707433275 0.00790386265186
45 46 140 100 0.69707433275 0.00790386265186
45 52 125 100 0.69707433275 0.00790386265186
46 36 125 100 0.679538106877 0.00967844542296
46 45 140 100 0.679538106877 0.00967844542296
46 47 125 100 0.679538106877 0.00967844542296
46 53 125 100 0.679538106877 0.00967844542296
47 37 125 100 0.770366827774 0.00201614738418
47 46 125 100 0.770366827774 0.00201614738418
47 48 130 100 0.770366827774 0.00201614738418
47 54 125 100 0.770366827774 0.00201614738418
48 38 125 100 0.610359190328 0.00251153422662
48 47 130 100 0.610359190328 0.00251153422662
49 42 125 100 0.681991450695 0.00838295538106
49 50 120 100 0.681991450695 0.00838295538106
50 43 125 100 0.807268703422 0.00823140731245
50 49 120 100 0.807268703422 0.00823140731245
50 51 125 100 0.807268703422 0.00823140731245
50 55 125 100 0.807268703422 0.00823140731245
51 44 125 100 0.768231774081 0.0028391979532
51 50 125 100 0.768231774081 0.0028391979532
51 52 135 100 0.768231774081 0.0028391979532
51 56 125 100 0.768231774081 0.0028391979532
52 45 125 100 0.817275934623 0.00616654348446
52 51 135 100 0.817275934623 0.00616654348446
52 53 150 100 0.817275934623 0.00616654348446
52 57 125 100 0.817275934623 0.00616654348446
53 46 125 100 0.71512248194 0.00708468068547
53 52 150 100 0.71512248194 0.00708468068547
53 54 125 100 0.71512248194 0.00708468068547
53 58 125 100 0.71512248194 0.00708468068547
54 47 125 100 0.830912905496 0.00799373959986
54 53 125 100 0.830912905496 0.00799373959986
54 59 125 100 0.830912905496 0.00799373959986
55 50 125 100 0.834850734733 0.00691148325314
55 56 125 100 0.834850734733 0.00691148325314
56 51 125 100 0.811159427907 0.00279560395876
56 55 125 100 0.811159427907 0.00279560395876
56 57 135 100 0.811159427907 0.00279560395876
56 60 90 100 0.811159427907 0.00279560395876
57 52 125 100 0.805857905736 0.00955586663448
57 56 135 100 0.805857905736 0.00955586663448
57 58 150 100 0.805857905736 0.00955586663448
57 61 90 100 0.805857905736 0.00955586663448
58 53 125 100 0.616601073332 0.00277488722438
58 57 150 100 0.616601073332 0.00277488722438
58 59 125 100 0.616601073332 0.00277488722438
59 54 125 100 0.642955337963 0.00229194205084
59 58 125 100 0.642955337963 0.00229194205084
60 56 90 100 0.8192691851 0.00471104110852
60 61 150 100 0.8192691851 0.00471104110852
60 62 160 100 0.8192691851 0.00471104110852
61 57 90 100 0.772491109898 0.00804514582432
61 60 150 100 0.772491109898 0.00804514582432
61 62 143 100 0.772491109898 0.00804514582432
62 60 160 100 0.649654133493 0.00621372010113
62 61 143 100 0.649654133493 0.00621372010113
62 63 88 100 0.649654133493 0.00621372010113
63 62 88 100 0.733747904731 0.00121070079768
63 64 199 100 0.733747904731 0.00121070079768
63 67 370 100 0.733747904731 0.00121070079768
64 63 199 100 0.706454094902 0.00543928208752
64 65 125 100 0.706454094902 0.00543928208752
65 64 125 100 0.688106606825 0.00522484178999
65 66 263 100 0.688106606825 0.00522484178999
66 65 263 100 0.812238330938 0.00633778376511
66 67 175 100 0.812238330938 0.00633778376511
67 63 370 100 0.672322984885 0.00116407292141
67 66 175 100 0.672322984885 0.00116407292141
