n 20
19
1 2 50 100 0.64 0.19
1 6 30 60 0.9193 0.0143
1 11 70 110 0.9022 0.0499
2 3 30 60 0.9904 0.0277
2 7 40 70 0.9857 0.0305
6 7 30 65 0.9577 0.0123
6 12 60 105 0.9060 0.0399
6 16 100 115 0.9049 0.0353
7 8 40 90 0.9153 0.0436
11 16 30 70 0.9967 0.0089
16 17 80 115 0.964 0.0491
16 18 110 120 0.9294 0.0327
3 4 80 100 1.0 0.0
3 8 60 95 1.0 0.0
4 5 110 120 1.0 0.0
4 9 40 75 1.0 0.0
5 10 60 110 1.0 0.0
8 4 40 85 1.0 0.0
8 13 30 75 1.0 0.0
9 5 70 110 1.0 0.0
9 14 40 90 1.0 0.0
10 15 50 105 1.0 0.0
12 8 30 65 1.0 0.0
12 17 40 100 1.0 0.0
13 9 30 80 1.0 0.0
13 19 110 120 1.0 0.0
14 10 80 115 1.0 0.0
14 15 60 105 1.0 0.0
15 20 30 90 1.0 0.0
17 13 40 80 1.0 0.0
17 18 40 75 1.0 0.0
18 13 60 115 1.0 0.0
18 19 70 110 1.0 0.0
18 20 120 120 1.0 0.0
19 15 40 75 1.0 0.0
19 20 70 105 1.0 0.0