n 20
19
1 2 50 100 0.8288 0.0510
1 6 30 60 0.8339 0.0776
1 11 70 110 0.8926 0.0669
2 3 30 60 0.8047 0.0910
2 7 40 70 0.8238 0.0698
6 7 30 65 0.8907 0.0734
6 12 60 105 0.8940 0.0889
6 16 100 115 0.8910 0.0980
7 8 40 90 0.8731 0.0746
11 16 30 70 0.8760 0.0959
16 17 80 115 0.8652 0.0660
16 18 110 120 0.8183 0.0680
3 4 80 100 0.9153 0.0216
3 8 60 95 0.9562 0.0114
4 5 110 120 0.9890 0.0281
4 9 40 75 0.9984 0.0386
8 4 40 85 0.9746 0.0376
8 13 30 75 0.9999 0.0222
12 8 30 65 0.9345 0.0044
12 17 40 100 0.9846 0.0228
13 9 30 80 0.9094 0.0264
13 19 110 120 0.9326 0.0151
17 13 40 80 0.9077 0.0350
17 18 40 75 0.9470 0.0344
18 13 60 115 0.9669 0.0202
18 19 70 110 0.9530 0.0059
18 20 120 120 0.9278 0.0021
5 10 60 110 1.0 0.0
9 5 70 110 1.0 0.0
9 14 40 90 1.0 0.0
10 15 50 105 1.0 0.0
14 10 80 115 1.0 0.0
14 15 60 105 1.0 0.0
15 20 30 90 1.0 0.0
19 15 40 75 1.0 0.0
19 20 70 105 1.0 0.0