30.0416 - 25,24,39,38,48,47,37,36,35,45,52,57,61,60,62,63,64,65,66,67,
23.5965 - 25,24,39,38,37,36,21,20,35,45,52,57,61,62,63,67,
29.8355 - 25,24,39,38,48,47,37,36,21,20,35,45,52,51,56,60,61,62,63,67,
25.9317 - 25,24,39,38,37,36,46,53,52,51,56,57,61,60,62,63,67,
28.454 - 25,24,39,38,37,36,35,45,52,57,56,60,61,62,63,64,65,66,67,
27.0816 - 25,24,39,38,37,36,46,53,52,51,50,55,56,60,61,62,63,67,
27.1132 - 25,24,39,38,48,47,37,36,46,53,52,51,56,60,61,62,63,67,
30.0416 - 25,24,39,38,48,47,37,36,35,45,52,57,61,60,62,63,64,65,66,67,
25.5273 - 25,24,39,38,37,36,21,20,35,45,52,57,61,60,62,63,67,
28.6873 - 25,24,39,38,48,47,37,36,46,53,54,59,58,57,61,60,62,63,67,
31.7482 - 25,24,39,38,37,22,21,36,46,53,52,51,50,55,56,57,61,60,62,63,67,
26.8304 - 25,24,39,38,37,22,21,36,35,45,52,57,56,60,61,62,63,67,
25.5273 - 25,24,39,38,37,36,21,20,35,45,52,57,61,60,62,63,67,
32.916 - 25,24,39,38,37,36,46,47,54,53,58,57,52,51,50,55,56,60,61,62,63,67,
25.5273 - 25,24,39,38,37,36,21,20,35,45,52,57,61,60,62,63,67,
28.8752 - 25,24,39,38,37,36,21,20,35,45,46,53,52,57,61,60,62,63,67,
24.1737 - 25,24,39,38,37,36,46,53,52,51,56,60,61,62,63,67,
25.5273 - 25,24,39,38,37,36,21,20,35,45,52,57,61,60,62,63,67,
36.1226 - 25,24,39,38,37,36,21,20,35,45,46,53,58,57,52,51,50,55,56,60,61,62,63,67,
33.1528 - 25,24,39,38,37,22,21,36,46,47,54,53,58,57,61,60,62,63,64,65,66,67,
31.588 - 25,24,39,38,48,47,37,22,21,36,46,53,54,59,58,57,61,60,62,63,67,
24.1737 - 25,24,39,38,37,36,46,53,52,51,56,60,61,62,63,67,
30.0416 - 25,24,39,38,37,36,21,20,35,45,52,57,61,60,62,63,64,65,66,67,
33.2027 - 25,24,39,38,48,47,37,36,35,45,46,53,54,59,58,57,56,60,61,62,63,67,
28.4793 - 25,24,39,38,48,47,37,36,21,20,35,45,52,57,61,60,62,63,67,
26.8423 - 25,24,39,38,37,47,46,45,44,51,50,55,56,60,61,62,63,67,
25.5273 - 25,24,39,38,37,36,21,20,35,45,52,57,61,60,62,63,67,
31.8214 - 25,24,39,38,48,47,37,36,35,45,46,53,54,59,58,57,61,60,62,63,67,
28.4132 - 25,24,39,38,48,47,37,22,21,36,35,45,52,57,61,60,62,63,67,
29.9995 - 25,24,39,38,48,47,37,22,21,36,46,53,52,51,56,60,61,62,63,67,
34.5404 - 25,24,39,38,48,47,37,22,21,36,46,53,52,51,56,60,61,62,63,64,65,66,67,
25.5273 - 25,24,39,38,37,36,21,20,35,45,52,57,61,60,62,63,67,
22.5878 - 25,24,39,38,37,36,35,45,52,57,61,60,62,63,67,
27.0492 - 25,24,39,38,37,22,21,36,46,53,52,51,56,60,61,62,63,67,
29.9944 - 25,24,39,38,37,22,21,36,46,47,54,53,58,57,56,60,61,62,63,67,
25.463 - 25,24,39,38,37,22,21,36,35,45,52,57,61,60,62,63,67,
34.7385 - 25,24,39,38,48,47,37,22,21,36,35,45,46,53,54,59,58,57,61,60,62,63,67,
22.6328 - 25,24,39,38,37,36,46,53,52,51,56,60,62,63,67,
33.1087 - 25,24,39,38,37,22,21,36,35,45,46,53,52,51,50,55,56,60,61,62,63,67,
30.2499 - 25,24,39,38,37,36,21,20,35,45,46,53,52,57,56,60,61,62,63,67,
28.454 - 25,24,39,38,37,36,35,45,52,57,56,60,61,62,63,64,65,66,67,
31.4132 - 25,24,39,38,37,22,21,36,35,20,19,34,44,45,52,57,61,60,62,63,67,
26.8946 - 25,24,39,38,48,47,37,36,35,45,52,57,56,60,61,62,63,67,
34.8056 - 25,24,39,38,48,47,37,36,21,20,35,45,46,53,54,59,58,57,61,60,62,63,67,
24.1737 - 25,24,39,38,37,36,46,53,52,51,56,60,61,62,63,67,
22.6328 - 25,24,39,38,37,36,46,53,52,51,56,60,62,63,67,
30.167 - 25,24,39,38,37,22,21,36,35,45,46,53,52,51,56,60,61,62,63,67,
32.9688 - 25,24,39,38,48,47,37,22,21,36,46,53,54,59,58,57,56,60,61,62,63,67,
25.7305 - 25,24,39,38,37,36,46,47,54,53,58,57,61,60,62,63,67,
29.8532 - 25,24,39,38,48,47,37,36,21,20,35,45,52,57,56,60,61,62,63,67,
31.7745 - 25,24,39,38,48,47,37,22,21,36,46,53,52,51,56,57,61,60,62,63,67,
25.5273 - 25,24,39,38,37,36,21,20,35,45,52,57,61,60,62,63,67,
46.4251 - 25,24,39,38,48,47,37,22,21,36,35,20,13,19,34,33,43,50,51,52,53,54,59,58,57,61,60,62,63,67,
28.4132 - 25,24,39,38,48,47,37,22,21,36,35,45,52,57,61,60,62,63,67,
25.5273 - 25,24,39,38,37,36,21,20,35,45,52,57,61,60,62,63,67,
41.3975 - 25,24,39,38,37,22,21,36,35,20,19,34,33,18,17,16,31,32,42,49,50,55,56,60,61,62,63,67,
34.7238 - 25,24,39,38,48,47,37,22,21,36,46,53,52,51,50,55,56,57,61,60,62,63,67,
31.7482 - 25,24,39,38,37,22,21,36,46,53,52,51,50,55,56,57,61,60,62,63,67,
25.5273 - 25,24,39,38,37,36,21,20,35,45,52,57,61,60,62,63,67,
29.9944 - 25,24,39,38,37,22,21,36,46,47,54,53,58,57,56,60,61,62,63,67,
28.6873 - 25,24,39,38,48,47,37,36,46,53,54,59,58,57,61,60,62,63,67,
30.2499 - 25,24,39,38,37,36,21,20,35,45,46,53,52,57,56,60,61,62,63,67,
36.1265 - 25,24,39,38,48,47,37,22,21,36,35,45,46,53,54,59,58,57,56,60,61,62,63,67,
39.3077 - 25,24,39,38,48,47,37,22,21,36,35,45,46,53,54,59,58,57,61,60,62,63,64,65,66,67,
25.5273 - 25,24,39,38,37,36,21,20,35,45,52,57,61,60,62,63,67,
28.4132 - 25,24,39,38,48,47,37,22,21,36,35,45,52,57,61,60,62,63,67,
27.0985 - 25,24,39,38,37,36,46,47,54,53,58,57,56,60,61,62,63,67,
25.5273 - 25,24,39,38,37,36,21,20,35,45,52,57,61,60,62,63,67,
39.0738 - 25,24,39,38,48,47,37,36,35,45,46,53,54,59,58,57,52,51,50,55,56,60,61,62,63,67,
33.3102 - 25,24,39,38,48,47,37,36,35,45,52,53,54,59,58,57,56,60,61,62,63,67,
31.7737 - 25,24,39,38,48,47,37,22,21,36,35,45,46,53,52,57,61,60,62,63,67,
29.9944 - 25,24,39,38,37,22,21,36,46,47,54,53,58,57,56,60,61,62,63,67,
47.0299 - 25,24,39,38,48,47,37,36,35,20,13,19,34,33,18,12,11,17,16,31,32,42,49,50,55,56,60,61,62,63,67,
36.4259 - 25,24,39,38,37,36,35,45,52,53,46,47,54,59,58,57,61,60,62,63,64,65,66,67,
24.1737 - 25,24,39,38,37,36,46,53,52,51,56,60,61,62,63,67,
39.436 - 25,24,39,38,37,22,21,36,35,45,46,47,54,53,52,51,56,57,61,60,62,63,64,65,66,67,
31.8739 - 25,24,39,38,37,36,35,45,52,53,46,47,54,59,58,57,61,60,62,63,67,
28.4793 - 25,24,39,38,48,47,37,36,21,20,35,45,52,57,61,60,62,63,67,
39.4271 - 25,24,39,38,37,36,21,20,35,45,52,53,46,47,54,59,58,57,61,60,62,63,64,65,66,67,
27.0608 - 25,24,39,38,37,36,46,47,54,53,52,51,56,60,61,62,63,67,
28.4793 - 25,24,39,38,48,47,37,36,21,20,35,45,52,57,61,60,62,63,67,
22.6328 - 25,24,39,38,37,36,46,53,52,51,56,60,62,63,67,
39.0985 - 25,24,39,38,48,47,37,36,21,20,35,45,46,53,54,59,58,57,52,51,56,60,61,62,63,67,
32.916 - 25,24,39,38,37,36,46,47,54,53,58,57,52,51,50,55,56,60,61,62,63,67,
26.8948 - 25,24,39,38,37,36,21,20,35,45,52,57,56,60,61,62,63,67,
25.5272 - 25,24,39,38,48,47,37,36,35,45,52,57,61,60,62,63,67,
26.8304 - 25,24,39,38,37,22,21,36,35,45,52,57,56,60,61,62,63,67,
29.9771 - 25,24,39,38,37,22,21,36,35,45,52,57,61,60,62,63,64,65,66,67,
31.7737 - 25,24,39,38,48,47,37,22,21,36,35,45,46,53,52,57,61,60,62,63,67,
29.8532 - 25,24,39,38,48,47,37,36,21,20,35,45,52,57,56,60,61,62,63,67,
26.8948 - 25,24,39,38,37,36,21,20,35,45,52,57,56,60,61,62,63,67,
23.5965 - 25,24,39,38,37,36,21,20,35,45,52,57,61,62,63,67,
28.62 - 25,24,39,38,37,22,21,36,46,47,54,53,58,57,61,60,62,63,67,
36.3251 - 25,24,39,38,48,47,37,22,21,36,35,45,46,53,52,57,61,60,62,63,64,65,66,67,
25.5273 - 25,24,39,38,37,36,21,20,35,45,52,57,61,60,62,63,67,
29.9995 - 25,24,39,38,48,47,37,22,21,36,46,53,52,51,56,60,61,62,63,67,
25.9317 - 25,24,39,38,37,36,46,53,52,51,56,57,61,60,62,63,67,
27.2752 - 25,24,39,38,37,36,35,45,46,53,52,51,56,60,61,62,63,67,
39.0738 - 25,24,39,38,48,47,37,36,35,45,46,53,54,59,58,57,52,51,50,55,56,60,61,62,63,67,
24.1737 - 25,24,39,38,37,36,46,53,52,51,56,60,61,62,63,67,
29.9944 - 25,24,39,38,37,22,21,36,46,47,54,53,58,57,56,60,61,62,63,67,
24.1737 - 25,24,39,38,37,36,46,53,52,51,56,60,61,62,63,67,
26.9066 - 25,24,39,38,37,36,46,53,52,51,50,55,56,57,61,62,63,67,
23.5965 - 25,24,39,38,37,36,21,20,35,45,52,57,61,62,63,67,
31.3525 - 25,24,39,38,37,22,21,36,35,45,52,57,56,60,61,62,63,64,65,66,67,
26.8304 - 25,24,39,38,37,22,21,36,35,45,52,57,56,60,61,62,63,67,
27.0985 - 25,24,39,38,37,36,46,47,54,53,58,57,56,60,61,62,63,67,
39.3077 - 25,24,39,38,48,47,37,22,21,36,35,45,46,53,54,59,58,57,61,60,62,63,64,65,66,67,
33.3102 - 25,24,39,38,48,47,37,36,35,45,52,53,54,59,58,57,56,60,61,62,63,67,
27.1303 - 25,24,39,38,37,36,46,53,52,51,56,60,62,63,64,65,66,67,
31.7599 - 25,24,39,38,37,36,46,47,54,53,52,51,50,55,56,57,61,60,62,63,67,
28.4793 - 25,24,39,38,48,47,37,36,21,20,35,45,52,57,61,60,62,63,67,
28.4793 - 25,24,39,38,48,47,37,36,21,20,35,45,52,57,61,60,62,63,67,
25.5273 - 25,24,39,38,37,36,21,20,35,45,52,57,61,60,62,63,67,
39.4143 - 25,24,39,38,48,47,37,22,21,36,35,45,52,53,54,59,58,57,61,60,62,63,64,65,66,67,
31.588 - 25,24,39,38,48,47,37,22,21,36,46,53,54,59,58,57,61,60,62,63,67,
26.8946 - 25,24,39,38,48,47,37,36,35,45,52,57,56,60,61,62,63,67,
37.7607 - 25,24,39,38,48,47,37,36,21,20,35,45,46,53,52,51,56,60,61,62,63,64,65,66,67,
31.3374 - 25,24,39,38,37,22,21,36,35,45,52,51,56,60,61,62,63,64,65,66,67,
25.5273 - 25,24,39,38,37,36,21,20,35,45,52,57,61,60,62,63,67,
25.5272 - 25,24,39,38,48,47,37,36,35,45,52,57,61,60,62,63,67,
25.9317 - 25,24,39,38,37,36,46,53,52,51,56,57,61,60,62,63,67,
25.5273 - 25,24,39,38,37,36,21,20,35,45,52,57,61,60,62,63,67,
25.5273 - 25,24,39,38,37,36,21,20,35,45,52,57,61,60,62,63,67,
28.8799 - 25,24,39,38,48,47,37,36,46,53,52,51,56,57,61,60,62,63,67,
25.5273 - 25,24,39,38,37,36,21,20,35,45,52,57,61,60,62,63,67,
29.8554 - 25,24,39,38,37,47,54,53,46,45,52,51,50,55,56,60,61,62,63,67,
26.8154 - 25,24,39,38,37,22,21,36,35,45,52,51,56,60,61,62,63,67,
33.1549 - 25,24,39,38,48,47,37,22,21,36,35,45,46,53,52,57,56,60,61,62,63,67,
27.0985 - 25,24,39,38,37,36,46,47,54,53,58,57,56,60,61,62,63,67,
34.8445 - 25,24,39,38,48,47,37,22,21,36,35,45,52,53,54,59,58,57,61,60,62,63,67,
22.6328 - 25,24,39,38,37,36,46,53,52,51,56,60,62,63,67,
26.8948 - 25,24,39,38,37,36,21,20,35,45,52,57,56,60,61,62,63,67,
28.8482 - 25,24,39,38,37,36,46,53,52,51,50,55,56,57,61,60,62,63,67,
28.8482 - 25,24,39,38,37,36,46,53,52,51,50,55,56,57,61,60,62,63,67,
25.5273 - 25,24,39,38,37,36,21,20,35,45,52,57,61,60,62,63,67,
29.9995 - 25,24,39,38,48,47,37,22,21,36,46,53,52,51,56,60,61,62,63,67,
22.6328 - 25,24,39,38,37,36,46,53,52,51,56,60,62,63,67,
36.3251 - 25,24,39,38,48,47,37,22,21,36,35,45,46,53,52,57,61,60,62,63,64,65,66,67,
27.0608 - 25,24,39,38,37,36,46,47,54,53,52,51,56,60,61,62,63,67,
29.7694 - 25,24,39,38,48,47,37,22,21,36,35,45,52,51,56,60,61,62,63,67,
26.9334 - 25,24,39,38,37,36,21,20,35,45,46,53,52,57,61,62,63,67,
31.588 - 25,24,39,38,48,47,37,22,21,36,46,53,54,59,58,57,61,60,62,63,67,
37.2659 - 25,24,39,38,48,47,37,22,21,36,35,45,52,51,50,55,56,60,61,62,63,64,65,66,67,
32.5925 - 25,24,39,38,48,47,37,22,21,36,35,45,44,51,50,55,56,60,61,62,63,67,
31.4171 - 25,24,39,38,48,47,37,36,35,45,52,57,56,60,61,62,63,64,65,66,67,
30.2499 - 25,24,39,38,37,36,21,20,35,45,46,53,52,57,56,60,61,62,63,67,
34.774 - 25,24,39,38,48,47,37,36,35,45,46,53,52,51,56,60,61,62,63,64,65,66,67,
28.8273 - 25,24,39,38,37,36,46,47,54,53,52,51,56,57,61,60,62,63,67,
24.1737 - 25,24,39,38,37,36,46,53,52,51,56,60,61,62,63,67,
27.1132 - 25,24,39,38,48,47,37,36,46,53,52,51,56,60,61,62,63,67,
28.4793 - 25,24,39,38,48,47,37,36,21,20,35,45,52,57,61,60,62,63,67,
29.7871 - 25,24,39,38,48,47,37,22,21,36,35,45,52,57,56,60,61,62,63,67,
29.8532 - 25,24,39,38,48,47,37,36,21,20,35,45,52,57,56,60,61,62,63,67,
25.5273 - 25,24,39,38,37,36,21,20,35,45,52,57,61,60,62,63,67,
36.0984 - 25,24,39,38,48,47,37,36,35,45,46,53,54,59,58,57,52,51,56,60,61,62,63,67,
22.6328 - 25,24,39,38,37,36,46,53,52,51,56,60,62,63,67,
28.8749 - 25,24,39,38,48,47,37,36,35,45,46,53,52,57,61,60,62,63,67,
29.6674 - 25,24,39,38,23,22,37,36,35,45,44,51,50,55,56,60,61,62,63,67,
24.1737 - 25,24,39,38,37,36,46,53,52,51,56,60,61,62,63,67,
34.7385 - 25,24,39,38,48,47,37,22,21,36,35,45,46,53,54,59,58,57,61,60,62,63,67,
28.8752 - 25,24,39,38,37,36,21,20,35,45,46,53,52,57,61,60,62,63,67,
39.071 - 25,24,39,38,37,36,21,20,35,45,46,47,54,53,58,57,52,51,50,55,56,60,61,62,63,67,
27.1132 - 25,24,39,38,48,47,37,36,46,53,52,51,56,60,61,62,63,67,
26.9334 - 25,24,39,38,37,36,21,20,35,45,46,53,52,57,61,62,63,67,
31.4132 - 25,24,39,38,37,22,21,36,35,20,19,34,44,45,52,57,61,60,62,63,67,
29.9944 - 25,24,39,38,37,22,21,36,46,47,54,53,58,57,56,60,61,62,63,67,
30.0619 - 25,24,39,38,48,47,37,36,46,53,54,59,58,57,56,60,61,62,63,67,
27.1132 - 25,24,39,38,48,47,37,36,46,53,52,51,56,60,61,62,63,67,
28.6873 - 25,24,39,38,48,47,37,36,46,53,54,59,58,57,61,60,62,63,67,
27.0608 - 25,24,39,38,37,36,46,47,54,53,52,51,56,60,61,62,63,67,
34.7385 - 25,24,39,38,48,47,37,22,21,36,35,45,46,53,54,59,58,57,61,60,62,63,67,
32.9446 - 25,24,39,38,48,47,37,22,21,36,35,45,52,57,61,60,62,63,64,65,66,67,
39.4271 - 25,24,39,38,37,36,21,20,35,45,52,53,46,47,54,59,58,57,61,60,62,63,64,65,66,67,
25.5273 - 25,24,39,38,37,36,21,20,35,45,52,57,61,60,62,63,67,
31.588 - 25,24,39,38,48,47,37,22,21,36,46,53,54,59,58,57,61,60,62,63,67,
25.5273 - 25,24,39,38,37,36,21,20,35,45,52,57,61,60,62,63,67,
28.4793 - 25,24,39,38,48,47,37,36,21,20,35,45,52,57,61,60,62,63,67,
33.1185 - 25,24,39,38,37,36,35,45,46,47,54,53,52,51,50,55,56,60,61,62,63,67,
25.5273 - 25,24,39,38,37,36,21,20,35,45,52,57,61,60,62,63,67,
33.4091 - 25,24,39,38,48,47,37,36,35,45,46,53,52,57,61,60,62,63,64,65,66,67,
23.9995 - 25,24,39,38,37,36,46,53,52,51,56,57,61,62,63,67,
32.9688 - 25,24,39,38,48,47,37,22,21,36,46,53,54,59,58,57,56,60,61,62,63,67,
29.8031 - 25,24,39,38,37,36,21,20,35,45,52,51,50,55,56,60,61,62,63,67,
27.085 - 25,24,39,38,37,36,35,45,52,57,61,60,62,63,64,65,66,67,
32.9402 - 25,24,39,38,48,47,37,22,21,36,46,53,52,51,50,55,56,60,61,62,63,67,
25.5273 - 25,24,39,38,37,36,21,20,35,45,52,57,61,60,62,63,67,
27.1303 - 25,24,39,38,37,36,46,53,52,51,56,60,62,63,64,65,66,67,
28.4793 - 25,24,39,38,48,47,37,36,21,20,35,45,52,57,61,60,62,63,67,
36.2326 - 25,24,39,38,48,47,37,22,21,36,35,45,52,53,54,59,58,57,56,60,61,62,63,67,
26.8304 - 25,24,39,38,37,22,21,36,35,45,52,57,56,60,61,62,63,67,
30.4485 - 25,24,39,38,37,36,46,53,52,51,56,57,61,60,62,63,64,65,66,67,
28.4793 - 25,24,39,38,48,47,37,36,21,20,35,45,52,57,61,60,62,63,67,
30.0467 - 25,24,39,38,37,36,46,53,52,51,50,55,56,60,62,63,64,65,66,67,
35.8638 - 25,24,39,38,48,47,37,22,21,36,46,53,54,59,58,57,52,51,56,60,61,62,63,67,
34.7385 - 25,24,39,38,48,47,37,22,21,36,35,45,46,53,54,59,58,57,61,60,62,63,67,
25.5273 - 25,24,39,38,37,36,21,20,35,45,52,57,61,60,62,63,67,
32.8801 - 25,24,39,38,37,22,21,36,46,47,54,53,58,57,52,51,56,60,61,62,63,67,
28.4132 - 25,24,39,38,48,47,37,22,21,36,35,45,52,57,61,60,62,63,67,
24.1737 - 25,24,39,38,37,36,46,53,52,51,56,60,61,62,63,67,
