35.4232 - 25,24,39,38,48,47,37,36,35,45,52,57,61,60,62,63,64,65,66,67,
25.6286 - 25,24,39,38,37,36,21,20,35,45,52,57,61,62,63,67,
33.995 - 25,24,39,38,48,47,37,36,21,20,35,45,52,51,56,60,61,62,63,67,
29.3845 - 25,24,39,38,37,36,46,53,52,51,56,57,61,60,62,63,67,
33.1542 - 25,24,39,38,37,36,35,45,52,57,56,60,61,62,63,64,65,66,67,
30.4414 - 25,24,39,38,37,36,46,53,52,51,50,55,56,60,61,62,63,67,
31.1119 - 25,24,39,38,48,47,37,36,46,53,52,51,56,60,61,62,63,67,
35.4232 - 25,24,39,38,48,47,37,36,35,45,52,57,61,60,62,63,64,65,66,67,
28.1002 - 25,24,39,38,37,36,21,20,35,45,52,57,61,60,62,63,67,
33.0538 - 25,24,39,38,48,47,37,36,46,53,54,59,58,57,61,60,62,63,67,
36.0058 - 25,24,39,38,37,22,21,36,46,53,52,51,50,55,56,57,61,60,62,63,67,
29.5858 - 25,24,39,38,37,22,21,36,35,45,52,57,56,60,61,62,63,67,
28.1002 - 25,24,39,38,37,36,21,20,35,45,52,57,61,60,62,63,67,
38.0234 - 25,24,39,38,37,36,46,47,54,53,58,57,52,51,50,55,56,60,61,62,63,67,
28.1002 - 25,24,39,38,37,36,21,20,35,45,52,57,61,60,62,63,67,
32.0822 - 25,24,39,38,37,36,21,20,35,45,46,53,52,57,61,60,62,63,67,
27.1137 - 25,24,39,38,37,36,46,53,52,51,56,60,61,62,63,67,
28.1002 - 25,24,39,38,37,36,21,20,35,45,52,57,61,60,62,63,67,
41.3261 - 25,24,39,38,37,36,21,20,35,45,46,53,58,57,52,51,50,55,56,60,61,62,63,67,
39.2352 - 25,24,39,38,37,22,21,36,46,47,54,53,58,57,61,60,62,63,64,65,66,67,
36.2471 - 25,24,39,38,48,47,37,22,21,36,46,53,54,59,58,57,61,60,62,63,67,
27.1137 - 25,24,39,38,37,36,46,53,52,51,56,60,61,62,63,67,
34.8652 - 25,24,39,38,37,36,21,20,35,45,52,57,61,60,62,63,64,65,66,67,
38.5108 - 25,24,39,38,48,47,37,36,35,45,46,53,54,59,58,57,56,60,61,62,63,67,
32.0125 - 25,24,39,38,48,47,37,36,21,20,35,45,52,57,61,60,62,63,67,
30.2793 - 25,24,39,38,37,47,46,45,44,51,50,55,56,60,61,62,63,67,
28.1002 - 25,24,39,38,37,36,21,20,35,45,52,57,61,60,62,63,67,
36.5768 - 25,24,39,38,48,47,37,36,35,45,46,53,54,59,58,57,61,60,62,63,67,
31.6704 - 25,24,39,38,48,47,37,22,21,36,35,45,52,57,61,60,62,63,67,
34.2831 - 25,24,39,38,48,47,37,22,21,36,46,53,52,51,56,60,61,62,63,67,
41.5396 - 25,24,39,38,48,47,37,22,21,36,46,53,52,51,56,60,61,62,63,64,65,66,67,
28.1002 - 25,24,39,38,37,36,21,20,35,45,52,57,61,60,62,63,67,
24.765 - 25,24,39,38,37,36,35,45,52,57,61,60,62,63,67,
30.2559 - 25,24,39,38,37,22,21,36,46,53,52,51,56,60,61,62,63,67,
34.0127 - 25,24,39,38,37,22,21,36,46,47,54,53,58,57,56,60,61,62,63,67,
27.7936 - 25,24,39,38,37,22,21,36,35,45,52,57,61,60,62,63,67,
39.8116 - 25,24,39,38,48,47,37,22,21,36,35,45,46,53,54,59,58,57,61,60,62,63,67,
25.5017 - 25,24,39,38,37,36,46,53,52,51,56,60,62,63,67,
37.1457 - 25,24,39,38,37,22,21,36,35,45,46,53,52,51,50,55,56,60,61,62,63,67,
33.9422 - 25,24,39,38,37,36,21,20,35,45,46,53,52,57,56,60,61,62,63,67,
33.1542 - 25,24,39,38,37,36,35,45,52,57,56,60,61,62,63,64,65,66,67,
35.6888 - 25,24,39,38,37,22,21,36,35,20,19,34,44,45,52,57,61,60,62,63,67,
30.4232 - 25,24,39,38,48,47,37,36,35,45,52,57,56,60,61,62,63,67,
40.1745 - 25,24,39,38,48,47,37,36,21,20,35,45,46,53,54,59,58,57,61,60,62,63,67,
27.1137 - 25,24,39,38,37,36,46,53,52,51,56,60,61,62,63,67,
25.5017 - 25,24,39,38,37,36,46,53,52,51,56,60,62,63,67,
33.7436 - 25,24,39,38,37,22,21,36,35,45,46,53,52,51,56,60,61,62,63,67,
38.1755 - 25,24,39,38,48,47,37,22,21,36,46,53,54,59,58,57,56,60,61,62,63,67,
29.0082 - 25,24,39,38,37,36,46,47,54,53,58,57,61,60,62,63,67,
33.8715 - 25,24,39,38,48,47,37,36,21,20,35,45,52,57,56,60,61,62,63,67,
36.6826 - 25,24,39,38,48,47,37,22,21,36,46,53,52,51,56,57,61,60,62,63,67,
28.1002 - 25,24,39,38,37,36,21,20,35,45,52,57,61,60,62,63,67,
56.7064 - 25,24,39,38,48,47,37,22,21,36,35,20,13,19,34,33,43,50,51,52,53,54,59,58,57,61,60,62,63,67,
31.6704 - 25,24,39,38,48,47,37,22,21,36,35,45,52,57,61,60,62,63,67,
28.1002 - 25,24,39,38,37,36,21,20,35,45,52,57,61,60,62,63,67,
48.3267 - 25,24,39,38,37,22,21,36,35,20,19,34,33,18,17,16,31,32,42,49,50,55,56,60,61,62,63,67,
40.1547 - 25,24,39,38,48,47,37,22,21,36,46,53,52,51,50,55,56,57,61,60,62,63,67,
36.0058 - 25,24,39,38,37,22,21,36,46,53,52,51,50,55,56,57,61,60,62,63,67,
32.0822 - 25,24,39,38,37,36,21,20,35,45,46,53,52,57,61,60,62,63,67,
34.0127 - 25,24,39,38,37,22,21,36,46,47,54,53,58,57,56,60,61,62,63,67,
33.0538 - 25,24,39,38,48,47,37,36,46,53,54,59,58,57,61,60,62,63,67,
33.9422 - 25,24,39,38,37,36,21,20,35,45,46,53,52,57,56,60,61,62,63,67,
41.8008 - 25,24,39,38,48,47,37,22,21,36,35,45,46,53,54,59,58,57,56,60,61,62,63,67,
47.5338 - 25,24,39,38,48,47,37,22,21,36,35,45,46,53,54,59,58,57,61,60,62,63,64,65,66,67,
28.1002 - 25,24,39,38,37,36,21,20,35,45,52,57,61,60,62,63,67,
31.6704 - 25,24,39,38,48,47,37,22,21,36,35,45,52,57,61,60,62,63,67,
30.8193 - 25,24,39,38,37,36,46,47,54,53,58,57,56,60,61,62,63,67,
28.1002 - 25,24,39,38,37,36,21,20,35,45,52,57,61,60,62,63,67,
46.0494 - 25,24,39,38,48,47,37,36,35,45,46,53,54,59,58,57,52,51,50,55,56,60,61,62,63,67,
38.7337 - 25,24,39,38,48,47,37,36,35,45,52,53,54,59,58,57,56,60,61,62,63,67,
35.7695 - 25,24,39,38,48,47,37,22,21,36,35,45,46,53,52,57,61,60,62,63,67,
34.0127 - 25,24,39,38,37,22,21,36,46,47,54,53,58,57,56,60,61,62,63,67,
56.9757 - 25,24,39,38,48,47,37,36,35,20,13,19,34,33,18,12,11,17,16,31,32,42,49,50,55,56,60,61,62,63,67,
43.8364 - 25,24,39,38,37,36,35,45,52,53,46,47,54,59,58,57,61,60,62,63,64,65,66,67,
27.1137 - 25,24,39,38,37,36,46,53,52,51,56,60,61,62,63,67,
47.8893 - 25,24,39,38,37,22,21,36,35,45,46,47,54,53,52,51,56,57,61,60,62,63,64,65,66,67,
36.4043 - 25,24,39,38,37,36,35,45,52,53,46,47,54,59,58,57,61,60,62,63,67,
32.0125 - 25,24,39,38,48,47,37,36,21,20,35,45,52,57,61,60,62,63,67,
47.7824 - 25,24,39,38,37,36,21,20,35,45,52,53,46,47,54,59,58,57,61,60,62,63,64,65,66,67,
30.8663 - 25,24,39,38,37,36,46,47,54,53,52,51,56,60,61,62,63,67,
32.0125 - 25,24,39,38,48,47,37,36,21,20,35,45,52,57,61,60,62,63,67,
25.5017 - 25,24,39,38,37,36,46,53,52,51,56,60,62,63,67,
46.3252 - 25,24,39,38,48,47,37,36,21,20,35,45,46,53,54,59,58,57,52,51,56,60,61,62,63,67,
38.0234 - 25,24,39,38,37,36,46,47,54,53,58,57,52,51,50,55,56,60,61,62,63,67,
29.8971 - 25,24,39,38,37,36,21,20,35,45,52,57,56,60,61,62,63,67,
28.6181 - 25,24,39,38,48,47,37,36,35,45,52,57,61,60,62,63,67,
29.5858 - 25,24,39,38,37,22,21,36,35,45,52,57,56,60,61,62,63,67,
34.5351 - 25,24,39,38,37,22,21,36,35,45,52,57,61,60,62,63,64,65,66,67,
35.7695 - 25,24,39,38,48,47,37,22,21,36,35,45,46,53,52,57,61,60,62,63,67,
33.8715 - 25,24,39,38,48,47,37,36,21,20,35,45,52,57,56,60,61,62,63,67,
29.8971 - 25,24,39,38,37,36,21,20,35,45,52,57,56,60,61,62,63,67,
25.6286 - 25,24,39,38,37,36,21,20,35,45,52,57,61,62,63,67,
32.1515 - 25,24,39,38,37,22,21,36,46,47,54,53,58,57,61,60,62,63,67,
43.1487 - 25,24,39,38,48,47,37,22,21,36,35,45,46,53,52,57,61,60,62,63,64,65,66,67,
28.1002 - 25,24,39,38,37,36,21,20,35,45,52,57,61,60,62,63,67,
34.2831 - 25,24,39,38,48,47,37,22,21,36,46,53,52,51,56,60,61,62,63,67,
29.3845 - 25,24,39,38,37,36,46,53,52,51,56,57,61,60,62,63,67,
30.5615 - 25,24,39,38,37,36,35,45,46,53,52,51,56,60,61,62,63,67,
46.0494 - 25,24,39,38,48,47,37,36,35,45,46,53,54,59,58,57,52,51,50,55,56,60,61,62,63,67,
27.1137 - 25,24,39,38,37,36,46,53,52,51,56,60,61,62,63,67,
34.0127 - 25,24,39,38,37,22,21,36,46,47,54,53,58,57,56,60,61,62,63,67,
27.1137 - 25,24,39,38,37,36,46,53,52,51,56,60,61,62,63,67,
30.1946 - 25,24,39,38,37,36,46,53,52,51,50,55,56,57,61,62,63,67,
25.6286 - 25,24,39,38,37,36,21,20,35,45,52,57,61,62,63,67,
36.4662 - 25,24,39,38,37,22,21,36,35,45,52,57,56,60,61,62,63,64,65,66,67,
29.5858 - 25,24,39,38,37,22,21,36,35,45,52,57,56,60,61,62,63,67,
30.8193 - 25,24,39,38,37,36,46,47,54,53,58,57,56,60,61,62,63,67,
47.5338 - 25,24,39,38,48,47,37,22,21,36,35,45,46,53,54,59,58,57,61,60,62,63,64,65,66,67,
38.7337 - 25,24,39,38,48,47,37,36,35,45,52,53,54,59,58,57,56,60,61,62,63,67,
32.0125 - 25,24,39,38,48,47,37,36,21,20,35,45,52,57,61,60,62,63,67,
36.6346 - 25,24,39,38,37,36,46,47,54,53,52,51,50,55,56,57,61,60,62,63,67,
32.0125 - 25,24,39,38,48,47,37,36,21,20,35,45,52,57,61,60,62,63,67,
32.0125 - 25,24,39,38,48,47,37,36,21,20,35,45,52,57,61,60,62,63,67,
28.1002 - 25,24,39,38,37,36,21,20,35,45,52,57,61,60,62,63,67,
47.7859 - 25,24,39,38,48,47,37,22,21,36,35,45,52,53,54,59,58,57,61,60,62,63,64,65,66,67,
36.2471 - 25,24,39,38,48,47,37,22,21,36,46,53,54,59,58,57,61,60,62,63,67,
30.4232 - 25,24,39,38,48,47,37,36,35,45,52,57,56,60,61,62,63,67,
45.7657 - 25,24,39,38,48,47,37,36,21,20,35,45,46,53,52,51,56,60,61,62,63,64,65,66,67,
36.5885 - 25,24,39,38,37,22,21,36,35,45,52,51,56,60,61,62,63,64,65,66,67,
28.1002 - 25,24,39,38,37,36,21,20,35,45,52,57,61,60,62,63,67,
28.6181 - 25,24,39,38,48,47,37,36,35,45,52,57,61,60,62,63,67,
29.3845 - 25,24,39,38,37,36,46,53,52,51,56,57,61,60,62,63,67,
28.1002 - 25,24,39,38,37,36,21,20,35,45,52,57,61,60,62,63,67,
28.1002 - 25,24,39,38,37,36,21,20,35,45,52,57,61,60,62,63,67,
33.4535 - 25,24,39,38,48,47,37,36,46,53,52,51,56,57,61,60,62,63,67,
28.1002 - 25,24,39,38,37,36,21,20,35,45,52,57,61,60,62,63,67,
33.7816 - 25,24,39,38,37,47,54,53,46,45,52,51,50,55,56,60,61,62,63,67,
29.6992 - 25,24,39,38,37,22,21,36,35,45,52,51,56,60,61,62,63,67,
37.69 - 25,24,39,38,48,47,37,22,21,36,35,45,46,53,52,57,56,60,61,62,63,67,
30.8193 - 25,24,39,38,37,36,46,47,54,53,58,57,56,60,61,62,63,67,
40.0436 - 25,24,39,38,48,47,37,22,21,36,35,45,52,53,54,59,58,57,61,60,62,63,67,
25.5017 - 25,24,39,38,37,36,46,53,52,51,56,60,62,63,67,
29.8971 - 25,24,39,38,37,36,21,20,35,45,52,57,56,60,61,62,63,67,
32.7711 - 25,24,39,38,37,36,46,53,52,51,50,55,56,57,61,60,62,63,67,
32.7711 - 25,24,39,38,37,36,46,53,52,51,50,55,56,57,61,60,62,63,67,
28.1002 - 25,24,39,38,37,36,21,20,35,45,52,57,61,60,62,63,67,
34.2831 - 25,24,39,38,48,47,37,22,21,36,46,53,52,51,56,60,61,62,63,67,
25.5017 - 25,24,39,38,37,36,46,53,52,51,56,60,62,63,67,
43.1487 - 25,24,39,38,48,47,37,22,21,36,35,45,46,53,52,57,61,60,62,63,64,65,66,67,
30.8663 - 25,24,39,38,37,36,46,47,54,53,52,51,56,60,61,62,63,67,
33.6466 - 25,24,39,38,48,47,37,22,21,36,35,45,52,51,56,60,61,62,63,67,
29.5215 - 25,24,39,38,37,36,21,20,35,45,46,53,52,57,61,62,63,67,
36.2471 - 25,24,39,38,48,47,37,22,21,36,46,53,54,59,58,57,61,60,62,63,67,
44.5337 - 25,24,39,38,48,47,37,22,21,36,35,45,52,51,50,55,56,60,61,62,63,64,65,66,67,
37.0968 - 25,24,39,38,48,47,37,22,21,36,35,45,44,51,50,55,56,60,61,62,63,67,
37.3694 - 25,24,39,38,48,47,37,36,35,45,52,57,56,60,61,62,63,64,65,66,67,
33.9422 - 25,24,39,38,37,36,21,20,35,45,46,53,52,57,56,60,61,62,63,67,
37.5186 - 25,24,39,38,37,36,35,45,46,53,52,51,56,60,61,62,63,64,65,66,67,
33.2036 - 25,24,39,38,37,36,46,47,54,53,52,51,56,57,61,60,62,63,67,
27.1137 - 25,24,39,38,37,36,46,53,52,51,56,60,61,62,63,67,
31.1119 - 25,24,39,38,48,47,37,36,46,53,52,51,56,60,61,62,63,67,
32.0125 - 25,24,39,38,48,47,37,36,21,20,35,45,52,57,61,60,62,63,67,
33.5238 - 25,24,39,38,48,47,37,22,21,36,35,45,52,57,56,60,61,62,63,67,
33.8715 - 25,24,39,38,48,47,37,36,21,20,35,45,52,57,56,60,61,62,63,67,
32.0125 - 25,24,39,38,48,47,37,36,21,20,35,45,52,57,61,60,62,63,67,
42.5453 - 25,24,39,38,48,47,37,36,35,45,46,53,54,59,58,57,52,51,56,60,61,62,63,67,
25.5017 - 25,24,39,38,37,36,46,53,52,51,56,60,62,63,67,
32.6169 - 25,24,39,38,48,47,37,36,35,45,46,53,52,57,61,60,62,63,67,
33.4196 - 25,24,39,38,23,22,37,36,35,45,44,51,50,55,56,60,61,62,63,67,
27.1137 - 25,24,39,38,37,36,46,53,52,51,56,60,61,62,63,67,
39.8116 - 25,24,39,38,48,47,37,22,21,36,35,45,46,53,54,59,58,57,61,60,62,63,67,
32.0822 - 25,24,39,38,37,36,21,20,35,45,46,53,52,57,61,60,62,63,67,
45.3964 - 25,24,39,38,37,36,21,20,35,45,46,47,54,53,58,57,52,51,50,55,56,60,61,62,63,67,
31.1119 - 25,24,39,38,48,47,37,36,46,53,52,51,56,60,61,62,63,67,
29.5215 - 25,24,39,38,37,36,21,20,35,45,46,53,52,57,61,62,63,67,
35.6888 - 25,24,39,38,37,22,21,36,35,20,19,34,44,45,52,57,61,60,62,63,67,
34.0127 - 25,24,39,38,37,22,21,36,46,47,54,53,58,57,56,60,61,62,63,67,
34.9295 - 25,24,39,38,48,47,37,36,46,53,54,59,58,57,56,60,61,62,63,67,
31.1119 - 25,24,39,38,48,47,37,36,46,53,52,51,56,60,61,62,63,67,
33.0538 - 25,24,39,38,48,47,37,36,46,53,54,59,58,57,61,60,62,63,67,
30.8663 - 25,24,39,38,37,36,46,47,54,53,52,51,56,60,61,62,63,67,
39.8116 - 25,24,39,38,48,47,37,22,21,36,35,45,46,53,54,59,58,57,61,60,62,63,67,
38.7155 - 25,24,39,38,48,47,37,22,21,36,35,45,52,57,61,60,62,63,64,65,66,67,
47.7824 - 25,24,39,38,37,36,21,20,35,45,52,53,46,47,54,59,58,57,61,60,62,63,64,65,66,67,
28.1002 - 25,24,39,38,37,36,21,20,35,45,52,57,61,60,62,63,67,
36.2471 - 25,24,39,38,48,47,37,22,21,36,46,53,54,59,58,57,61,60,62,63,67,
28.1002 - 25,24,39,38,37,36,21,20,35,45,52,57,61,60,62,63,67,
32.0125 - 25,24,39,38,48,47,37,36,21,20,35,45,52,57,61,60,62,63,67,
37.816 - 25,24,39,38,37,36,35,45,46,47,54,53,52,51,50,55,56,60,61,62,63,67,
28.1002 - 25,24,39,38,37,36,21,20,35,45,52,57,61,60,62,63,67,
39.738 - 25,24,39,38,48,47,37,36,35,45,46,53,52,57,61,60,62,63,64,65,66,67,
26.8845 - 25,24,39,38,37,36,46,53,52,51,56,57,61,62,63,67,
38.1755 - 25,24,39,38,48,47,37,22,21,36,46,53,54,59,58,57,56,60,61,62,63,67,
33.3713 - 25,24,39,38,37,36,21,20,35,45,52,51,50,55,56,60,61,62,63,67,
31.2772 - 25,24,39,38,37,36,35,45,52,57,61,60,62,63,64,65,66,67,
37.6914 - 25,24,39,38,48,47,37,22,21,36,46,53,52,51,50,55,56,60,61,62,63,67,
28.1002 - 25,24,39,38,37,36,21,20,35,45,52,57,61,60,62,63,67,
32.069 - 25,24,39,38,37,36,46,53,52,51,56,60,62,63,64,65,66,67,
32.0125 - 25,24,39,38,48,47,37,36,21,20,35,45,52,57,61,60,62,63,67,
42.0368 - 25,24,39,38,48,47,37,22,21,36,35,45,52,53,54,59,58,57,56,60,61,62,63,67,
29.5858 - 25,24,39,38,37,22,21,36,35,45,52,57,56,60,61,62,63,67,
36.2492 - 25,24,39,38,37,36,46,53,52,51,56,57,61,60,62,63,64,65,66,67,
36.4614 - 25,24,39,38,37,36,21,20,35,45,46,53,52,51,56,57,61,60,62,63,67,
35.619 - 25,24,39,38,37,36,46,53,52,51,50,55,56,60,62,63,64,65,66,67,
42.1991 - 25,24,39,38,48,47,37,22,21,36,46,53,54,59,58,57,52,51,56,60,61,62,63,67,
39.8116 - 25,24,39,38,48,47,37,22,21,36,35,45,46,53,54,59,58,57,61,60,62,63,67,
28.1002 - 25,24,39,38,37,36,21,20,35,45,52,57,61,60,62,63,67,
37.9036 - 25,24,39,38,37,22,21,36,46,47,54,53,58,57,52,51,56,60,61,62,63,67,
31.6704 - 25,24,39,38,48,47,37,22,21,36,35,45,52,57,61,60,62,63,67,
27.1137 - 25,24,39,38,37,36,46,53,52,51,56,60,61,62,63,67,
