35.4553 - 25,24,39,38,48,47,37,36,35,45,52,57,61,60,62,63,64,65,66,67,
27.4678 - 25,24,39,38,37,36,21,20,35,45,52,57,61,62,63,67,
34.9302 - 25,24,39,38,48,47,37,36,21,20,35,45,52,51,56,60,61,62,63,67,
30.3571 - 25,24,39,38,37,36,46,53,52,51,56,57,61,60,62,63,67,
33.884 - 25,24,39,38,37,36,35,45,52,57,56,60,61,62,63,64,65,66,67,
31.7956 - 25,24,39,38,37,36,46,53,52,51,50,55,56,60,61,62,63,67,
31.4714 - 25,24,39,38,48,47,37,36,46,53,52,51,56,60,61,62,63,67,
35.4553 - 25,24,39,38,48,47,37,36,35,45,52,57,61,60,62,63,64,65,66,67,
29.6105 - 25,24,39,38,37,36,21,20,35,45,52,57,61,60,62,63,67,
33.0534 - 25,24,39,38,48,47,37,36,46,53,54,59,58,57,61,60,62,63,67,
38.0142 - 25,24,39,38,37,22,21,36,46,53,52,51,50,55,56,57,61,60,62,63,67,
31.5866 - 25,24,39,38,37,22,21,36,35,45,52,57,56,60,61,62,63,67,
29.6105 - 25,24,39,38,37,36,21,20,35,45,52,57,61,60,62,63,67,
38.715 - 25,24,39,38,37,36,46,47,54,53,58,57,52,51,50,55,56,60,61,62,63,67,
29.6105 - 25,24,39,38,37,36,21,20,35,45,52,57,61,60,62,63,67,
33.6552 - 25,24,39,38,37,36,21,20,35,45,46,53,52,57,61,60,62,63,67,
28.0704 - 25,24,39,38,37,36,46,53,52,51,56,60,61,62,63,67,
29.6105 - 25,24,39,38,37,36,21,20,35,45,52,57,61,60,62,63,67,
43.0302 - 25,24,39,38,37,36,21,20,35,45,46,53,58,57,52,51,50,55,56,60,61,62,63,67,
39.4636 - 25,24,39,38,37,22,21,36,46,47,54,53,58,57,61,60,62,63,64,65,66,67,
36.8668 - 25,24,39,38,48,47,37,22,21,36,46,53,54,59,58,57,61,60,62,63,67,
28.0704 - 25,24,39,38,37,36,46,53,52,51,56,60,61,62,63,67,
35.0425 - 25,24,39,38,48,47,37,36,46,53,54,59,58,57,56,60,61,62,63,67,
39.0014 - 25,24,39,38,48,47,37,36,35,45,46,53,54,59,58,57,56,60,61,62,63,67,
33.0508 - 25,24,39,38,48,47,37,36,21,20,35,45,52,57,61,60,62,63,67,
31.3991 - 25,24,39,38,37,47,46,45,44,51,50,55,56,60,61,62,63,67,
29.6105 - 25,24,39,38,37,36,21,20,35,45,52,57,61,60,62,63,67,
36.9432 - 25,24,39,38,48,47,37,36,35,45,46,53,54,59,58,57,61,60,62,63,67,
33.0963 - 25,24,39,38,48,47,37,22,21,36,35,45,52,57,61,60,62,63,67,
35.0425 - 25,24,39,38,48,47,37,36,46,53,54,59,58,57,56,60,61,62,63,67,
41.6254 - 25,24,39,38,48,47,37,22,21,36,46,53,52,51,56,60,61,62,63,64,65,66,67,
29.6105 - 25,24,39,38,37,36,21,20,35,45,52,57,61,60,62,63,67,
26.0226 - 25,24,39,38,37,36,35,45,52,57,61,60,62,63,67,
35.0425 - 25,24,39,38,48,47,37,36,46,53,54,59,58,57,56,60,61,62,63,67,
35.1744 - 25,24,39,38,37,22,21,36,46,47,54,53,58,57,56,60,61,62,63,67,
29.656 - 25,24,39,38,37,22,21,36,35,45,52,57,61,60,62,63,67,
40.84 - 25,24,39,38,48,47,37,22,21,36,35,45,46,53,54,59,58,57,61,60,62,63,67,
25.9996 - 25,24,39,38,37,36,46,53,52,51,56,60,62,63,67,
39.5242 - 25,24,39,38,37,22,21,36,35,45,46,53,52,51,50,55,56,60,61,62,63,67,
35.6548 - 25,24,39,38,37,36,21,20,35,45,46,53,52,57,56,60,61,62,63,67,
33.884 - 25,24,39,38,37,36,35,45,52,57,56,60,61,62,63,64,65,66,67,
36.9976 - 25,24,39,38,37,22,21,36,35,20,19,34,44,45,52,57,61,60,62,63,67,
31.3096 - 25,24,39,38,48,47,37,36,35,45,52,57,56,60,61,62,63,67,
40.7922 - 25,24,39,38,48,47,37,36,21,20,35,45,46,53,54,59,58,57,61,60,62,63,67,
28.0704 - 25,24,39,38,37,36,46,53,52,51,56,60,61,62,63,67,
25.9996 - 25,24,39,38,37,36,46,53,52,51,56,60,62,63,67,
35.586 - 25,24,39,38,37,22,21,36,35,45,46,53,52,51,56,60,61,62,63,67,
38.9237 - 25,24,39,38,48,47,37,22,21,36,46,53,54,59,58,57,56,60,61,62,63,67,
29.4711 - 25,24,39,38,37,36,46,47,54,53,58,57,61,60,62,63,67,
35.0399 - 25,24,39,38,48,47,37,36,21,20,35,45,52,57,56,60,61,62,63,67,
37.6614 - 25,24,39,38,48,47,37,22,21,36,46,53,52,51,56,57,61,60,62,63,67,
29.6105 - 25,24,39,38,37,36,21,20,35,45,52,57,61,60,62,63,67,
56.5454 - 25,24,39,38,48,47,37,22,21,36,35,20,13,19,34,33,43,50,51,52,53,54,59,58,57,61,60,62,63,67,
33.0963 - 25,24,39,38,48,47,37,22,21,36,35,45,52,57,61,60,62,63,67,
29.6105 - 25,24,39,38,37,36,21,20,35,45,52,57,61,60,62,63,67,
50.2579 - 25,24,39,38,37,22,21,36,35,20,19,34,33,18,17,16,31,32,42,49,50,55,56,60,61,62,63,67,
41.673 - 25,24,39,38,48,47,37,22,21,36,46,53,52,51,50,55,56,57,61,60,62,63,67,
38.0142 - 25,24,39,38,37,22,21,36,46,53,52,51,50,55,56,57,61,60,62,63,67,
33.6552 - 25,24,39,38,37,36,21,20,35,45,46,53,52,57,61,60,62,63,67,
35.1744 - 25,24,39,38,37,22,21,36,46,47,54,53,58,57,56,60,61,62,63,67,
33.0534 - 25,24,39,38,48,47,37,36,46,53,54,59,58,57,61,60,62,63,67,
35.6548 - 25,24,39,38,37,36,21,20,35,45,46,53,52,57,56,60,61,62,63,67,
42.9698 - 25,24,39,38,48,47,37,22,21,36,35,45,46,53,54,59,58,57,56,60,61,62,63,67,
47.5639 - 25,24,39,38,48,47,37,22,21,36,35,45,46,53,54,59,58,57,61,60,62,63,64,65,66,67,
29.6105 - 25,24,39,38,37,36,21,20,35,45,52,57,61,60,62,63,67,
33.0963 - 25,24,39,38,48,47,37,22,21,36,35,45,52,57,61,60,62,63,67,
31.3985 - 25,24,39,38,37,36,46,47,54,53,58,57,56,60,61,62,63,67,
29.6105 - 25,24,39,38,37,36,21,20,35,45,52,57,61,60,62,63,67,
46.6349 - 25,24,39,38,48,47,37,36,35,45,46,53,54,59,58,57,52,51,50,55,56,60,61,62,63,67,
39.163 - 25,24,39,38,48,47,37,36,35,45,52,53,54,59,58,57,56,60,61,62,63,67,
37.2335 - 25,24,39,38,48,47,37,22,21,36,35,45,46,53,52,57,61,60,62,63,67,
35.1744 - 25,24,39,38,37,22,21,36,46,47,54,53,58,57,56,60,61,62,63,67,
57.2123 - 25,24,39,38,48,47,37,36,35,20,13,19,34,33,18,12,11,17,16,31,32,42,49,50,55,56,60,61,62,63,67,
43.4344 - 25,24,39,38,37,36,35,45,52,53,46,47,54,59,58,57,61,60,62,63,64,65,66,67,
28.0704 - 25,24,39,38,37,36,46,53,52,51,56,60,61,62,63,67,
48.3649 - 25,24,39,38,37,22,21,36,35,45,46,47,54,53,52,51,56,57,61,60,62,63,64,65,66,67,
36.9402 - 25,24,39,38,37,36,35,45,52,53,46,47,54,59,58,57,61,60,62,63,67,
33.0508 - 25,24,39,38,48,47,37,36,21,20,35,45,52,57,61,60,62,63,67,
47.4606 - 25,24,39,38,37,36,21,20,35,45,52,53,46,47,54,59,58,57,61,60,62,63,64,65,66,67,
31.4331 - 25,24,39,38,37,36,46,47,54,53,52,51,56,60,61,62,63,67,
33.0508 - 25,24,39,38,48,47,37,36,21,20,35,45,52,57,61,60,62,63,67,
25.9996 - 25,24,39,38,37,36,46,53,52,51,56,60,62,63,67,
46.4561 - 25,24,39,38,48,47,37,36,21,20,35,45,46,53,54,59,58,57,52,51,56,60,61,62,63,67,
38.715 - 25,24,39,38,37,36,46,47,54,53,58,57,52,51,50,55,56,60,61,62,63,67,
31.5403 - 25,24,39,38,37,36,21,20,35,45,52,57,56,60,61,62,63,67,
29.3837 - 25,24,39,38,48,47,37,36,35,45,52,57,61,60,62,63,67,
31.5866 - 25,24,39,38,37,22,21,36,35,45,52,57,56,60,61,62,63,67,
35.7424 - 25,24,39,38,37,22,21,36,35,45,52,57,61,60,62,63,64,65,66,67,
37.2335 - 25,24,39,38,48,47,37,22,21,36,35,45,46,53,52,57,61,60,62,63,67,
35.0399 - 25,24,39,38,48,47,37,36,21,20,35,45,52,57,56,60,61,62,63,67,
31.5403 - 25,24,39,38,37,36,21,20,35,45,52,57,56,60,61,62,63,67,
27.4678 - 25,24,39,38,37,36,21,20,35,45,52,57,61,62,63,67,
33.1831 - 25,24,39,38,37,22,21,36,46,47,54,53,58,57,61,60,62,63,67,
43.7447 - 25,24,39,38,48,47,37,22,21,36,35,45,46,53,52,57,61,60,62,63,64,65,66,67,
29.6105 - 25,24,39,38,37,36,21,20,35,45,52,57,61,60,62,63,67,
35.2294 - 25,24,39,38,48,47,37,22,21,36,46,53,52,51,56,60,61,62,63,67,
30.3571 - 25,24,39,38,37,36,46,53,52,51,56,57,61,60,62,63,67,
31.8322 - 25,24,39,38,37,36,35,45,46,53,52,51,56,60,61,62,63,67,
46.6349 - 25,24,39,38,48,47,37,36,35,45,46,53,54,59,58,57,52,51,50,55,56,60,61,62,63,67,
28.0704 - 25,24,39,38,37,36,46,53,52,51,56,60,61,62,63,67,
35.1744 - 25,24,39,38,37,22,21,36,46,47,54,53,58,57,56,60,61,62,63,67,
35.0425 - 25,24,39,38,48,47,37,36,46,53,54,59,58,57,56,60,61,62,63,67,
31.9871 - 25,24,39,38,37,36,46,53,52,51,50,55,56,57,61,62,63,67,
27.4678 - 25,24,39,38,37,36,21,20,35,45,52,57,61,62,63,67,
37.7784 - 25,24,39,38,37,22,21,36,35,45,52,57,56,60,61,62,63,64,65,66,67,
31.5866 - 25,24,39,38,37,22,21,36,35,45,52,57,56,60,61,62,63,67,
31.3985 - 25,24,39,38,37,36,46,47,54,53,58,57,56,60,61,62,63,67,
47.5639 - 25,24,39,38,48,47,37,22,21,36,35,45,46,53,54,59,58,57,61,60,62,63,64,65,66,67,
39.163 - 25,24,39,38,48,47,37,36,35,45,52,53,54,59,58,57,56,60,61,62,63,67,
31.8911 - 25,24,39,38,37,36,46,53,52,51,56,60,62,63,64,65,66,67,
37.6846 - 25,24,39,38,37,36,46,47,54,53,52,51,50,55,56,57,61,60,62,63,67,
33.0508 - 25,24,39,38,48,47,37,36,21,20,35,45,52,57,61,60,62,63,67,
33.0508 - 25,24,39,38,48,47,37,36,21,20,35,45,52,57,61,60,62,63,67,
29.6105 - 25,24,39,38,37,36,21,20,35,45,52,57,61,60,62,63,67,
47.7223 - 25,24,39,38,48,47,37,22,21,36,35,45,52,53,54,59,58,57,61,60,62,63,64,65,66,67,
36.8668 - 25,24,39,38,48,47,37,22,21,36,46,53,54,59,58,57,61,60,62,63,67,
31.3096 - 25,24,39,38,48,47,37,36,35,45,52,57,56,60,61,62,63,67,
45.7161 - 25,24,39,38,48,47,37,36,21,20,35,45,46,53,52,51,56,60,61,62,63,64,65,66,67,
37.6988 - 25,24,39,38,37,22,21,36,35,45,52,51,56,60,61,62,63,64,65,66,67,
29.6105 - 25,24,39,38,37,36,21,20,35,45,52,57,61,60,62,63,67,
29.3837 - 25,24,39,38,48,47,37,36,35,45,52,57,61,60,62,63,67,
30.3571 - 25,24,39,38,37,36,46,53,52,51,56,57,61,60,62,63,67,
29.6105 - 25,24,39,38,37,36,21,20,35,45,52,57,61,60,62,63,67,
29.6105 - 25,24,39,38,37,36,21,20,35,45,52,57,61,60,62,63,67,
33.826 - 25,24,39,38,48,47,37,36,46,53,52,51,56,57,61,60,62,63,67,
29.6105 - 25,24,39,38,37,36,21,20,35,45,52,57,61,60,62,63,67,
34.765 - 25,24,39,38,37,47,54,53,46,45,52,51,50,55,56,60,61,62,63,67,
31.5111 - 25,24,39,38,37,22,21,36,35,45,52,51,56,60,61,62,63,67,
39.2969 - 25,24,39,38,48,47,37,22,21,36,35,45,46,53,52,57,56,60,61,62,63,67,
31.3985 - 25,24,39,38,37,36,46,47,54,53,58,57,56,60,61,62,63,67,
40.9894 - 25,24,39,38,48,47,37,22,21,36,35,45,52,53,54,59,58,57,61,60,62,63,67,
25.9996 - 25,24,39,38,37,36,46,53,52,51,56,60,62,63,67,
31.5403 - 25,24,39,38,37,36,21,20,35,45,52,57,56,60,61,62,63,67,
34.1568 - 25,24,39,38,37,36,46,53,52,51,50,55,56,57,61,60,62,63,67,
34.1568 - 25,24,39,38,37,36,46,53,52,51,50,55,56,57,61,60,62,63,67,
29.6105 - 25,24,39,38,37,36,21,20,35,45,52,57,61,60,62,63,67,
35.0425 - 25,24,39,38,48,47,37,36,46,53,54,59,58,57,56,60,61,62,63,67,
25.9996 - 25,24,39,38,37,36,46,53,52,51,56,60,62,63,67,
43.7447 - 25,24,39,38,48,47,37,22,21,36,35,45,46,53,52,57,61,60,62,63,64,65,66,67,
31.4331 - 25,24,39,38,37,36,46,47,54,53,52,51,56,60,61,62,63,67,
34.9761 - 25,24,39,38,48,47,37,22,21,36,35,45,52,51,56,60,61,62,63,67,
31.4886 - 25,24,39,38,37,36,21,20,35,45,46,53,52,57,61,62,63,67,
36.8668 - 25,24,39,38,48,47,37,22,21,36,46,53,54,59,58,57,61,60,62,63,67,
45.505 - 25,24,39,38,48,47,37,22,21,36,35,45,52,51,50,55,56,60,61,62,63,64,65,66,67,
39.1686 - 25,24,39,38,48,47,37,22,21,36,35,45,44,51,50,55,56,60,61,62,63,67,
37.4862 - 25,24,39,38,48,47,37,36,35,45,52,57,56,60,61,62,63,64,65,66,67,
35.6548 - 25,24,39,38,37,36,21,20,35,45,46,53,52,57,56,60,61,62,63,67,
38.0376 - 25,24,39,38,37,36,35,45,46,53,52,51,56,60,61,62,63,64,65,66,67,
33.7869 - 25,24,39,38,37,36,46,47,54,53,52,51,56,57,61,60,62,63,67,
28.0704 - 25,24,39,38,37,36,46,53,52,51,56,60,61,62,63,67,
35.0425 - 25,24,39,38,48,47,37,36,46,53,54,59,58,57,56,60,61,62,63,67,
33.0508 - 25,24,39,38,48,47,37,36,21,20,35,45,52,57,61,60,62,63,67,
35.0862 - 25,24,39,38,48,47,37,22,21,36,35,45,52,57,56,60,61,62,63,67,
35.0399 - 25,24,39,38,48,47,37,36,21,20,35,45,52,57,56,60,61,62,63,67,
29.6105 - 25,24,39,38,37,36,21,20,35,45,52,57,61,60,62,63,67,
42.49 - 25,24,39,38,48,47,37,36,35,45,46,53,54,59,58,57,52,51,56,60,61,62,63,67,
25.9996 - 25,24,39,38,37,36,46,53,52,51,56,60,62,63,67,
33.4226 - 25,24,39,38,48,47,37,36,35,45,46,53,52,57,61,60,62,63,67,
31.744 - 25,24,39,38,37,36,35,45,44,51,50,55,56,60,61,62,63,67,
28.0704 - 25,24,39,38,37,36,46,53,52,51,56,60,61,62,63,67,
40.84 - 25,24,39,38,48,47,37,22,21,36,35,45,46,53,54,59,58,57,61,60,62,63,67,
33.6552 - 25,24,39,38,37,36,21,20,35,45,46,53,52,57,61,60,62,63,67,
46.7085 - 25,24,39,38,37,36,21,20,35,45,46,47,54,53,58,57,52,51,50,55,56,60,61,62,63,67,
31.4714 - 25,24,39,38,48,47,37,36,46,53,52,51,56,60,61,62,63,67,
31.3985 - 25,24,39,38,37,36,46,47,54,53,58,57,56,60,61,62,63,67,
36.9976 - 25,24,39,38,37,22,21,36,35,20,19,34,44,45,52,57,61,60,62,63,67,
35.1744 - 25,24,39,38,37,22,21,36,46,47,54,53,58,57,56,60,61,62,63,67,
35.0425 - 25,24,39,38,48,47,37,36,46,53,54,59,58,57,56,60,61,62,63,67,
31.4714 - 25,24,39,38,48,47,37,36,46,53,52,51,56,60,61,62,63,67,
33.0534 - 25,24,39,38,48,47,37,36,46,53,54,59,58,57,61,60,62,63,67,
31.4331 - 25,24,39,38,37,36,46,47,54,53,52,51,56,60,61,62,63,67,
40.84 - 25,24,39,38,48,47,37,22,21,36,35,45,46,53,54,59,58,57,61,60,62,63,67,
39.372 - 25,24,39,38,48,47,37,22,21,36,35,45,52,57,61,60,62,63,64,65,66,67,
47.4606 - 25,24,39,38,37,36,21,20,35,45,52,53,46,47,54,59,58,57,61,60,62,63,64,65,66,67,
29.6105 - 25,24,39,38,37,36,21,20,35,45,52,57,61,60,62,63,67,
36.8668 - 25,24,39,38,48,47,37,22,21,36,46,53,54,59,58,57,61,60,62,63,67,
29.6105 - 25,24,39,38,37,36,21,20,35,45,52,57,61,60,62,63,67,
33.0508 - 25,24,39,38,48,47,37,36,21,20,35,45,52,57,61,60,62,63,67,
39.1894 - 25,24,39,38,37,36,35,45,46,47,54,53,52,51,50,55,56,60,61,62,63,67,
29.6105 - 25,24,39,38,37,36,21,20,35,45,52,57,61,60,62,63,67,
39.7165 - 25,24,39,38,48,47,37,36,35,45,46,53,52,57,61,60,62,63,64,65,66,67,
28.2101 - 25,24,39,38,37,36,46,53,52,51,56,57,61,62,63,67,
38.9237 - 25,24,39,38,48,47,37,22,21,36,46,53,54,59,58,57,56,60,61,62,63,67,
35.2852 - 25,24,39,38,37,36,21,20,35,45,52,51,50,55,56,60,61,62,63,67,
31.9153 - 25,24,39,38,37,36,35,45,52,57,61,60,62,63,64,65,66,67,
39.1572 - 25,24,39,38,48,47,37,22,21,36,46,53,52,51,50,55,56,60,61,62,63,67,
29.6105 - 25,24,39,38,37,36,21,20,35,45,52,57,61,60,62,63,67,
31.8911 - 25,24,39,38,37,36,46,53,52,51,56,60,62,63,64,65,66,67,
33.0508 - 25,24,39,38,48,47,37,36,21,20,35,45,52,57,61,60,62,63,67,
43.122 - 25,24,39,38,48,47,37,22,21,36,35,45,52,53,54,59,58,57,56,60,61,62,63,67,
31.5866 - 25,24,39,38,37,22,21,36,35,45,52,57,56,60,61,62,63,67,
36.4816 - 25,24,39,38,37,36,46,53,52,51,56,57,61,60,62,63,64,65,66,67,
37.9775 - 25,24,39,38,37,36,21,20,35,45,46,53,52,51,56,57,61,60,62,63,67,
35.7465 - 25,24,39,38,37,36,46,53,52,51,50,55,56,60,62,63,64,65,66,67,
42.4114 - 25,24,39,38,48,47,37,22,21,36,46,53,54,59,58,57,52,51,56,60,61,62,63,67,
40.84 - 25,24,39,38,48,47,37,22,21,36,35,45,46,53,54,59,58,57,61,60,62,63,67,
29.6105 - 25,24,39,38,37,36,21,20,35,45,52,57,61,60,62,63,67,
38.6186 - 25,24,39,38,37,22,21,36,46,47,54,53,58,57,52,51,56,60,61,62,63,67,
33.0963 - 25,24,39,38,48,47,37,22,21,36,35,45,52,57,61,60,62,63,67,
28.0704 - 25,24,39,38,37,36,46,53,52,51,56,60,61,62,63,67,
