41.8523 - 25,24,39,38,48,47,37,36,35,45,52,57,61,60,62,63,64,65,66,67,
32.3988 - 25,24,39,38,37,36,21,20,35,45,52,57,61,62,63,67,
40.7656 - 25,24,39,38,48,47,37,36,21,20,35,45,52,51,56,60,61,62,63,67,
34.8584 - 25,24,39,38,37,36,46,53,52,51,56,57,61,60,62,63,67,
39.0132 - 25,24,39,38,37,36,35,45,52,57,56,60,61,62,63,64,65,66,67,
36.3265 - 25,24,39,38,37,36,46,53,52,51,50,55,56,60,61,62,63,67,
36.9474 - 25,24,39,38,48,47,37,36,46,53,52,51,56,60,61,62,63,67,
41.8523 - 25,24,39,38,48,47,37,36,35,45,52,57,61,60,62,63,64,65,66,67,
34.7641 - 25,24,39,38,37,36,21,20,35,45,52,57,61,60,62,63,67,
39.9948 - 25,24,39,38,48,47,37,36,46,53,54,59,58,57,61,60,62,63,67,
43.1147 - 25,24,39,38,37,22,21,36,46,53,52,51,50,55,56,57,61,60,62,63,67,
36.2971 - 25,24,39,38,37,22,21,36,35,45,52,57,56,60,61,62,63,67,
34.7641 - 25,24,39,38,37,36,21,20,35,45,52,57,61,60,62,63,67,
44.6398 - 25,24,39,38,37,36,46,47,54,53,58,57,52,51,50,55,56,60,61,62,63,67,
34.7641 - 25,24,39,38,37,36,21,20,35,45,52,57,61,60,62,63,67,
40.1148 - 25,24,39,38,37,36,46,47,54,53,52,51,50,55,56,60,61,62,63,67,
32.5521 - 25,24,39,38,37,36,46,53,52,51,56,60,61,62,63,67,
34.7641 - 25,24,39,38,37,36,21,20,35,45,52,57,61,60,62,63,67,
50.3396 - 25,24,39,38,37,36,21,20,35,45,46,53,58,57,52,51,50,55,56,60,61,62,63,67,
46.8304 - 25,24,39,38,37,22,21,36,46,47,54,53,58,57,61,60,62,63,64,65,66,67,
44.4024 - 25,24,39,38,48,47,37,22,21,36,46,53,54,59,58,57,61,60,62,63,67,
32.5521 - 25,24,39,38,37,36,46,53,52,51,56,60,61,62,63,67,
41.7794 - 25,24,39,38,48,47,37,36,46,53,54,59,58,57,56,60,61,62,63,67,
46.5734 - 25,24,39,38,48,47,37,36,35,45,46,53,54,59,58,57,56,60,61,62,63,67,
39.2739 - 25,24,39,38,48,47,37,36,21,20,35,45,52,57,61,60,62,63,67,
35.8735 - 25,24,39,38,37,47,46,45,44,51,50,55,56,60,61,62,63,67,
34.7641 - 25,24,39,38,37,36,21,20,35,45,52,57,61,60,62,63,67,
44.7427 - 25,24,39,38,48,47,37,36,35,45,46,53,54,59,58,57,61,60,62,63,67,
39.0654 - 25,24,39,38,48,47,37,22,21,36,35,45,52,57,61,60,62,63,67,
41.7794 - 25,24,39,38,48,47,37,36,46,53,54,59,58,57,56,60,61,62,63,67,
48.7229 - 25,24,39,38,48,47,37,22,21,36,46,53,52,51,56,60,61,62,63,64,65,66,67,
34.7641 - 25,24,39,38,37,36,21,20,35,45,52,57,61,60,62,63,67,
30.3462 - 25,24,39,38,37,36,35,45,52,57,61,60,62,63,67,
41.7794 - 25,24,39,38,48,47,37,36,46,53,54,59,58,57,56,60,61,62,63,67,
41.2517 - 25,24,39,38,37,22,21,36,46,47,54,53,58,57,56,60,61,62,63,67,
34.5634 - 25,24,39,38,37,22,21,36,35,45,52,57,61,60,62,63,67,
49.3315 - 25,24,39,38,48,47,37,22,21,36,35,45,46,53,54,59,58,57,61,60,62,63,67,
30.3977 - 25,24,39,38,37,36,46,53,52,51,56,60,62,63,67,
45.4538 - 25,24,39,38,37,22,21,36,35,45,46,53,52,51,50,55,56,60,61,62,63,67,
41.9237 - 25,24,39,38,37,36,21,20,35,45,46,53,52,57,56,60,61,62,63,67,
39.0132 - 25,24,39,38,37,36,35,45,52,57,56,60,61,62,63,64,65,66,67,
43.2198 - 25,24,39,38,37,22,21,36,35,20,19,34,44,45,52,57,61,60,62,63,67,
36.4776 - 25,24,39,38,48,47,37,36,35,45,52,57,56,60,61,62,63,67,
49.5533 - 25,24,39,38,48,47,37,36,21,20,35,45,46,53,54,59,58,57,61,60,62,63,67,
32.5521 - 25,24,39,38,37,36,46,53,52,51,56,60,61,62,63,67,
30.3977 - 25,24,39,38,37,36,46,53,52,51,56,60,62,63,67,
41.4158 - 25,24,39,38,37,22,21,36,35,45,46,53,52,51,56,60,61,62,63,67,
46.2299 - 25,24,39,38,48,47,37,22,21,36,46,53,54,59,58,57,56,60,61,62,63,67,
35.1793 - 25,24,39,38,37,36,46,47,54,53,58,57,61,60,62,63,67,
41.0517 - 25,24,39,38,48,47,37,36,21,20,35,45,52,57,56,60,61,62,63,67,
43.7282 - 25,24,39,38,48,47,37,22,21,36,46,53,52,51,56,57,61,60,62,63,67,
34.7641 - 25,24,39,38,37,36,21,20,35,45,52,57,61,60,62,63,67,
68.1943 - 25,24,39,38,48,47,37,22,21,36,35,20,13,19,34,33,43,50,51,52,53,54,59,58,57,61,60,62,63,67,
39.0654 - 25,24,39,38,48,47,37,22,21,36,35,45,52,57,61,60,62,63,67,
34.7641 - 25,24,39,38,37,36,21,20,35,45,52,57,61,60,62,63,67,
58.2145 - 25,24,39,38,37,22,21,36,35,20,19,34,33,18,17,16,31,32,42,49,50,55,56,60,61,62,63,67,
47.8365 - 25,24,39,38,48,47,37,22,21,36,46,53,52,51,50,55,56,57,61,60,62,63,67,
43.1147 - 25,24,39,38,37,22,21,36,46,53,52,51,50,55,56,57,61,60,62,63,67,
34.7641 - 25,24,39,38,37,36,21,20,35,45,52,57,61,60,62,63,67,
41.2517 - 25,24,39,38,37,22,21,36,46,47,54,53,58,57,56,60,61,62,63,67,
39.9948 - 25,24,39,38,48,47,37,36,46,53,54,59,58,57,61,60,62,63,67,
41.9237 - 25,24,39,38,37,36,21,20,35,45,46,53,52,57,56,60,61,62,63,67,
51.2086 - 25,24,39,38,48,47,37,22,21,36,35,45,46,53,54,59,58,57,56,60,61,62,63,67,
57.2315 - 25,24,39,38,48,47,37,22,21,36,35,45,46,53,54,59,58,57,61,60,62,63,64,65,66,67,
34.7641 - 25,24,39,38,37,36,21,20,35,45,52,57,61,60,62,63,67,
39.0654 - 25,24,39,38,48,47,37,22,21,36,35,45,52,57,61,60,62,63,67,
36.9186 - 25,24,39,38,37,36,46,47,54,53,58,57,56,60,61,62,63,67,
34.7641 - 25,24,39,38,37,36,21,20,35,45,52,57,61,60,62,63,67,
54.7702 - 25,24,39,38,48,47,37,36,35,45,46,53,54,59,58,57,52,51,50,55,56,60,61,62,63,67,
46.0949 - 25,24,39,38,48,47,37,36,35,45,52,53,54,59,58,57,56,60,61,62,63,67,
44.636 - 25,24,39,38,48,47,37,22,21,36,35,45,46,53,52,57,61,60,62,63,67,
41.2517 - 25,24,39,38,37,22,21,36,46,47,54,53,58,57,56,60,61,62,63,67,
67.2924 - 25,24,39,38,48,47,37,36,35,20,13,19,34,33,18,12,11,17,16,31,32,42,49,50,55,56,60,61,62,63,67,
51.5903 - 25,24,39,38,37,36,35,45,52,53,46,47,54,59,58,57,61,60,62,63,64,65,66,67,
32.5521 - 25,24,39,38,37,36,46,53,52,51,56,60,61,62,63,67,
55.6187 - 25,24,39,38,37,22,21,36,35,45,46,47,54,53,52,51,56,57,61,60,62,63,64,65,66,67,
43.9879 - 25,24,39,38,37,36,35,45,52,53,46,47,54,59,58,57,61,60,62,63,67,
39.2739 - 25,24,39,38,48,47,37,36,21,20,35,45,52,57,61,60,62,63,67,
56.6164 - 25,24,39,38,37,36,21,20,35,45,52,53,46,47,54,59,58,57,61,60,62,63,64,65,66,67,
36.2332 - 25,24,39,38,37,36,46,47,54,53,52,51,56,60,61,62,63,67,
39.2739 - 25,24,39,38,48,47,37,36,21,20,35,45,52,57,61,60,62,63,67,
30.3977 - 25,24,39,38,37,36,46,53,52,51,56,60,62,63,67,
55.3893 - 25,24,39,38,48,47,37,36,21,20,35,45,46,53,54,59,58,57,52,51,56,60,61,62,63,67,
44.6398 - 25,24,39,38,37,36,46,47,54,53,58,57,52,51,50,55,56,60,61,62,63,67,
36.4997 - 25,24,39,38,37,36,21,20,35,45,52,57,56,60,61,62,63,67,
34.7423 - 25,24,39,38,48,47,37,36,35,45,52,57,61,60,62,63,67,
36.2971 - 25,24,39,38,37,22,21,36,35,45,52,57,56,60,61,62,63,67,
41.6641 - 25,24,39,38,37,22,21,36,35,45,52,57,61,60,62,63,64,65,66,67,
44.636 - 25,24,39,38,48,47,37,22,21,36,35,45,46,53,52,57,61,60,62,63,67,
41.0517 - 25,24,39,38,48,47,37,36,21,20,35,45,52,57,56,60,61,62,63,67,
36.4997 - 25,24,39,38,37,36,21,20,35,45,52,57,56,60,61,62,63,67,
32.3988 - 25,24,39,38,37,36,21,20,35,45,52,57,61,62,63,67,
39.4721 - 25,24,39,38,37,22,21,36,46,47,54,53,58,57,61,60,62,63,67,
52.2739 - 25,24,39,38,48,47,37,22,21,36,35,45,46,53,52,57,61,60,62,63,64,65,66,67,
34.7641 - 25,24,39,38,37,36,21,20,35,45,52,57,61,60,62,63,67,
41.2684 - 25,24,39,38,48,47,37,22,21,36,46,53,52,51,56,60,61,62,63,67,
34.8584 - 25,24,39,38,37,36,46,53,52,51,56,57,61,60,62,63,67,
37.0363 - 25,24,39,38,37,36,35,45,46,53,52,51,56,60,61,62,63,67,
54.7702 - 25,24,39,38,48,47,37,36,35,45,46,53,54,59,58,57,52,51,50,55,56,60,61,62,63,67,
32.5521 - 25,24,39,38,37,36,46,53,52,51,56,60,61,62,63,67,
41.2517 - 25,24,39,38,37,22,21,36,46,47,54,53,58,57,56,60,61,62,63,67,
41.7794 - 25,24,39,38,48,47,37,36,46,53,54,59,58,57,56,60,61,62,63,67,
36.287 - 25,24,39,38,37,36,46,53,52,51,50,55,56,57,61,62,63,67,
32.3988 - 25,24,39,38,37,36,21,20,35,45,52,57,61,62,63,67,
42.6763 - 25,24,39,38,37,47,54,53,52,51,50,55,56,60,61,62,63,64,65,66,67,
36.2971 - 25,24,39,38,37,22,21,36,35,45,52,57,56,60,61,62,63,67,
36.9186 - 25,24,39,38,37,36,46,47,54,53,58,57,56,60,61,62,63,67,
57.2315 - 25,24,39,38,48,47,37,22,21,36,35,45,46,53,54,59,58,57,61,60,62,63,64,65,66,67,
46.0949 - 25,24,39,38,48,47,37,36,35,45,52,53,54,59,58,57,56,60,61,62,63,67,
37.2859 - 25,24,39,38,37,36,46,53,52,51,56,60,62,63,64,65,66,67,
42.5537 - 25,24,39,38,37,36,46,47,54,53,52,51,50,55,56,57,61,60,62,63,67,
39.2739 - 25,24,39,38,48,47,37,36,21,20,35,45,52,57,61,60,62,63,67,
39.2739 - 25,24,39,38,48,47,37,36,21,20,35,45,52,57,61,60,62,63,67,
34.7641 - 25,24,39,38,37,36,21,20,35,45,52,57,61,60,62,63,67,
56.6746 - 25,24,39,38,48,47,37,22,21,36,35,45,52,53,54,59,58,57,61,60,62,63,64,65,66,67,
44.4024 - 25,24,39,38,48,47,37,22,21,36,46,53,54,59,58,57,61,60,62,63,67,
36.4776 - 25,24,39,38,48,47,37,36,35,45,52,57,56,60,61,62,63,67,
54.0445 - 25,24,39,38,48,47,37,36,21,20,35,45,46,53,52,51,56,60,61,62,63,64,65,66,67,
43.2592 - 25,24,39,38,37,22,21,36,35,45,52,51,56,60,61,62,63,64,65,66,67,
34.7641 - 25,24,39,38,37,36,21,20,35,45,52,57,61,60,62,63,67,
34.7423 - 25,24,39,38,48,47,37,36,35,45,52,57,61,60,62,63,67,
34.8584 - 25,24,39,38,37,36,46,53,52,51,56,57,61,60,62,63,67,
34.7641 - 25,24,39,38,37,36,21,20,35,45,52,57,61,60,62,63,67,
34.7641 - 25,24,39,38,37,36,21,20,35,45,52,57,61,60,62,63,67,
39.3297 - 25,24,39,38,48,47,37,36,46,53,52,51,56,57,61,60,62,63,67,
34.7641 - 25,24,39,38,37,36,21,20,35,45,52,57,61,60,62,63,67,
40.0425 - 25,24,39,38,37,47,54,53,46,45,52,51,50,55,56,60,61,62,63,67,
36.0797 - 25,24,39,38,37,22,21,36,35,45,52,51,56,60,61,62,63,67,
46.4658 - 25,24,39,38,48,47,37,22,21,36,35,45,46,53,52,57,56,60,61,62,63,67,
36.9186 - 25,24,39,38,37,36,46,47,54,53,58,57,56,60,61,62,63,67,
48.8044 - 25,24,39,38,48,47,37,22,21,36,35,45,52,53,54,59,58,57,61,60,62,63,67,
30.3977 - 25,24,39,38,37,36,46,53,52,51,56,60,62,63,67,
36.4997 - 25,24,39,38,37,36,21,20,35,45,52,57,56,60,61,62,63,67,
38.6979 - 25,24,39,38,37,36,46,53,52,51,50,55,56,57,61,60,62,63,67,
38.6979 - 25,24,39,38,37,36,46,53,52,51,50,55,56,57,61,60,62,63,67,
34.7641 - 25,24,39,38,37,36,21,20,35,45,52,57,61,60,62,63,67,
41.7794 - 25,24,39,38,48,47,37,36,46,53,54,59,58,57,56,60,61,62,63,67,
30.3977 - 25,24,39,38,37,36,46,53,52,51,56,60,62,63,67,
52.2739 - 25,24,39,38,48,47,37,22,21,36,35,45,46,53,52,57,61,60,62,63,64,65,66,67,
36.2332 - 25,24,39,38,37,36,46,47,54,53,52,51,56,60,61,62,63,67,
40.5581 - 25,24,39,38,48,47,37,22,21,36,35,45,52,51,56,60,61,62,63,67,
37.7101 - 25,24,39,38,37,36,21,20,35,45,46,53,52,57,61,62,63,67,
44.4024 - 25,24,39,38,48,47,37,22,21,36,46,53,54,59,58,57,61,60,62,63,67,
52.2039 - 25,24,39,38,48,47,37,22,21,36,35,45,52,51,50,55,56,60,61,62,63,64,65,66,67,
44.464 - 25,24,39,38,48,47,37,22,21,36,35,45,44,51,50,55,56,60,61,62,63,67,
43.6779 - 25,24,39,38,48,47,37,36,35,45,52,57,56,60,61,62,63,64,65,66,67,
41.9237 - 25,24,39,38,37,36,21,20,35,45,46,53,52,57,56,60,61,62,63,67,
49.0743 - 25,24,39,38,48,47,37,36,35,45,46,53,52,51,56,60,61,62,63,64,65,66,67,
38.6029 - 25,24,39,38,37,36,46,47,54,53,52,51,56,57,61,60,62,63,67,
32.5521 - 25,24,39,38,37,36,46,53,52,51,56,60,61,62,63,67,
41.7794 - 25,24,39,38,48,47,37,36,46,53,54,59,58,57,56,60,61,62,63,67,
39.2739 - 25,24,39,38,48,47,37,36,21,20,35,45,52,57,61,60,62,63,67,
40.8411 - 25,24,39,38,48,47,37,22,21,36,35,45,52,57,56,60,61,62,63,67,
39.4479 - 25,24,39,38,23,22,37,47,54,53,52,51,50,55,56,60,61,62,63,67,
34.7641 - 25,24,39,38,37,36,21,20,35,45,52,57,61,60,62,63,67,
50.4447 - 25,24,39,38,48,47,37,36,35,45,46,53,54,59,58,57,52,51,56,60,61,62,63,67,
30.3977 - 25,24,39,38,37,36,46,53,52,51,56,60,62,63,67,
40.1149 - 25,24,39,38,48,47,37,36,35,45,46,53,52,57,61,60,62,63,67,
39.5588 - 25,24,39,38,23,22,37,36,35,45,44,51,50,55,56,60,61,62,63,67,
32.5521 - 25,24,39,38,37,36,46,53,52,51,56,60,61,62,63,67,
49.3315 - 25,24,39,38,48,47,37,22,21,36,35,45,46,53,54,59,58,57,61,60,62,63,67,
40.1377 - 25,24,39,38,37,36,21,20,35,45,46,53,52,57,61,60,62,63,67,
54.4278 - 25,24,39,38,37,36,21,20,35,45,46,47,54,53,58,57,52,51,50,55,56,60,61,62,63,67,
36.9474 - 25,24,39,38,48,47,37,36,46,53,52,51,56,60,61,62,63,67,
36.9186 - 25,24,39,38,37,36,46,47,54,53,58,57,56,60,61,62,63,67,
43.2198 - 25,24,39,38,37,22,21,36,35,20,19,34,44,45,52,57,61,60,62,63,67,
41.2517 - 25,24,39,38,37,22,21,36,46,47,54,53,58,57,56,60,61,62,63,67,
41.7794 - 25,24,39,38,48,47,37,36,46,53,54,59,58,57,56,60,61,62,63,67,
36.9474 - 25,24,39,38,48,47,37,36,46,53,52,51,56,60,61,62,63,67,
39.9948 - 25,24,39,38,48,47,37,36,46,53,54,59,58,57,61,60,62,63,67,
36.2332 - 25,24,39,38,37,36,46,47,54,53,52,51,56,60,61,62,63,67,
49.3315 - 25,24,39,38,48,47,37,22,21,36,35,45,46,53,54,59,58,57,61,60,62,63,67,
46.402 - 25,24,39,38,48,47,37,22,21,36,35,45,52,57,61,60,62,63,64,65,66,67,
56.6164 - 25,24,39,38,37,36,21,20,35,45,52,53,46,47,54,59,58,57,61,60,62,63,64,65,66,67,
34.7641 - 25,24,39,38,37,36,21,20,35,45,52,57,61,60,62,63,67,
44.4024 - 25,24,39,38,48,47,37,22,21,36,46,53,54,59,58,57,61,60,62,63,67,
34.105 - 25,24,39,38,37,36,46,53,52,51,50,55,56,60,62,63,67,
39.2739 - 25,24,39,38,48,47,37,36,21,20,35,45,52,57,61,60,62,63,67,
44.8231 - 25,24,39,38,37,36,35,45,46,47,54,53,52,51,50,55,56,60,61,62,63,67,
34.7641 - 25,24,39,38,37,36,21,20,35,45,52,57,61,60,62,63,67,
47.5075 - 25,24,39,38,48,47,37,36,35,45,46,53,52,57,61,60,62,63,64,65,66,67,
32.4919 - 25,24,39,38,37,36,46,53,52,51,56,57,61,62,63,67,
46.2299 - 25,24,39,38,48,47,37,22,21,36,46,53,54,59,58,57,56,60,61,62,63,67,
40.1625 - 25,24,39,38,37,36,21,20,35,45,52,51,50,55,56,60,61,62,63,67,
37.2318 - 25,24,39,38,37,36,35,45,52,57,61,60,62,63,64,65,66,67,
45.3018 - 25,24,39,38,48,47,37,22,21,36,46,53,52,51,50,55,56,60,61,62,63,67,
34.7641 - 25,24,39,38,37,36,21,20,35,45,52,57,61,60,62,63,67,
37.2859 - 25,24,39,38,37,36,46,53,52,51,56,60,62,63,64,65,66,67,
39.2739 - 25,24,39,38,48,47,37,36,21,20,35,45,52,57,61,60,62,63,67,
50.6761 - 25,24,39,38,48,47,37,22,21,36,35,45,52,53,54,59,58,57,56,60,61,62,63,67,
36.2971 - 25,24,39,38,37,22,21,36,35,45,52,57,56,60,61,62,63,67,
41.9744 - 25,24,39,38,37,36,46,53,52,51,56,57,61,60,62,63,64,65,66,67,
39.2739 - 25,24,39,38,48,47,37,36,21,20,35,45,52,57,61,60,62,63,67,
41.182 - 25,24,39,38,37,36,46,53,52,51,50,55,56,60,62,63,64,65,66,67,
50.095 - 25,24,39,38,48,47,37,22,21,36,46,53,54,59,58,57,52,51,56,60,61,62,63,67,
49.3315 - 25,24,39,38,48,47,37,22,21,36,35,45,46,53,54,59,58,57,61,60,62,63,67,
34.7641 - 25,24,39,38,37,36,21,20,35,45,52,57,61,60,62,63,67,
45.0316 - 25,24,39,38,37,22,21,36,46,47,54,53,58,57,52,51,56,60,61,62,63,67,
39.0654 - 25,24,39,38,48,47,37,22,21,36,35,45,52,57,61,60,62,63,67,
32.5521 - 25,24,39,38,37,36,46,53,52,51,56,60,61,62,63,67,
