24.441 - 44,51,50,55,56,60,61,62,63,64,65,66,67,
38.0737 - 44,45,35,36,21,22,37,47,46,53,54,59,58,57,61,60,62,63,67,
31.2427 - 44,45,35,20,21,36,46,53,52,57,56,60,61,62,63,67,
24.441 - 44,51,50,55,56,60,61,62,63,64,65,66,67,
25.4709 - 44,45,46,53,52,51,56,57,61,60,62,63,67,
24.441 - 44,51,50,55,56,60,61,62,63,64,65,66,67,
18.147 - 44,51,50,55,56,60,61,62,63,67,
20.2235 - 44,51,50,55,56,57,61,60,62,63,67,
40.3414 - 44,45,46,36,21,20,19,34,33,43,42,49,50,51,56,60,61,62,63,67,
18.147 - 44,51,50,55,56,60,61,62,63,67,
24.441 - 44,51,50,55,56,60,61,62,63,64,65,66,67,
60.3382 - 44,45,46,53,54,47,48,38,37,36,21,20,19,34,33,43,50,51,56,57,61,60,62,63,64,65,66,67,
24.441 - 44,51,50,55,56,60,61,62,63,64,65,66,67,
22.8415 - 44,34,33,43,50,51,56,60,61,62,63,67,
16.2308 - 44,51,50,55,56,60,62,63,67,
18.6885 - 44,45,52,57,56,60,61,62,63,67,
37.9047 - 44,34,19,20,35,36,37,38,48,47,54,53,58,57,61,60,62,63,67,
17.1051 - 44,45,52,57,61,60,62,63,67,
24.441 - 44,51,50,55,56,60,61,62,63,64,65,66,67,
18.147 - 44,51,50,55,56,60,61,62,63,67,
34.5692 - 44,45,46,36,37,38,48,47,54,53,58,57,61,60,62,63,67,
18.0185 - 44,51,50,55,56,57,61,62,63,67,
16.2308 - 44,51,50,55,56,60,62,63,67,
16.2308 - 44,51,50,55,56,60,62,63,67,
24.441 - 44,51,50,55,56,60,61,62,63,64,65,66,67,
25.0146 - 44,45,52,51,56,60,61,62,63,64,65,66,67,
27.0477 - 44,45,35,36,46,53,52,57,56,60,61,62,63,67,
24.441 - 44,51,50,55,56,60,61,62,63,64,65,66,67,
22.8415 - 44,34,33,43,50,51,56,60,61,62,63,67,
31.2427 - 44,45,35,20,21,36,46,53,52,57,56,60,61,62,63,67,
22.8415 - 44,34,33,43,50,51,56,60,61,62,63,67,
20.2235 - 44,51,50,55,56,57,61,60,62,63,67,
22.8415 - 44,34,33,43,50,51,56,60,61,62,63,67,
24.441 - 44,51,50,55,56,60,61,62,63,64,65,66,67,
26.8335 - 44,45,46,53,52,51,50,55,56,60,61,62,63,67,
23.3636 - 44,45,46,53,52,57,56,60,61,62,63,67,
20.2235 - 44,51,50,55,56,57,61,60,62,63,67,
29.5541 - 44,45,35,20,21,36,46,53,52,57,61,60,62,63,67,
22.4359 - 44,51,50,55,56,60,62,63,64,65,66,67,
16.2308 - 44,51,50,55,56,60,62,63,67,
45.5793 - 44,34,33,43,50,49,42,32,17,18,19,13,20,35,45,52,57,61,60,62,63,67,
16.2308 - 44,51,50,55,56,60,62,63,67,
16.8753 - 44,51,56,57,61,60,62,63,67,
18.147 - 44,51,50,55,56,60,61,62,63,67,
16.2308 - 44,51,50,55,56,60,62,63,67,
18.147 - 44,51,50,55,56,60,61,62,63,67,
16.2308 - 44,51,50,55,56,60,62,63,67,
22.4359 - 44,51,50,55,56,60,62,63,64,65,66,67,
22.4359 - 44,51,50,55,56,60,62,63,64,65,66,67,
18.147 - 44,51,50,55,56,60,61,62,63,67,
38.1102 - 44,34,19,20,13,12,18,17,32,33,43,50,51,56,60,61,62,63,67,
18.6885 - 44,45,52,57,56,60,61,62,63,67,
20.2235 - 44,51,50,55,56,57,61,60,62,63,67,
16.2308 - 44,51,50,55,56,60,62,63,67,
22.4359 - 44,51,50,55,56,60,62,63,64,65,66,67,
20.2235 - 44,51,50,55,56,57,61,60,62,63,67,
21.7422 - 44,45,46,53,52,57,61,60,62,63,67,
20.2235 - 44,51,50,55,56,57,61,60,62,63,67,
18.147 - 44,51,50,55,56,60,61,62,63,67,
24.441 - 44,51,50,55,56,60,61,62,63,64,65,66,67,
25.0078 - 44,45,52,57,56,60,61,62,63,64,65,66,67,
24.441 - 44,51,50,55,56,60,61,62,63,64,65,66,67,
41.0819 - 44,34,33,18,17,16,31,32,42,49,50,51,56,60,61,62,63,64,65,66,67,
18.147 - 44,51,50,55,56,60,61,62,63,67,
20.2235 - 44,51,50,55,56,57,61,60,62,63,67,
34.5692 - 44,45,46,36,37,38,48,47,54,53,58,57,61,60,62,63,67,
17.1051 - 44,45,52,57,61,60,62,63,67,
20.2235 - 44,51,50,55,56,57,61,60,62,63,67,
18.147 - 44,51,50,55,56,60,61,62,63,67,
21.7422 - 44,45,46,53,52,57,61,60,62,63,67,
22.4359 - 44,51,50,55,56,60,62,63,64,65,66,67,
18.147 - 44,51,50,55,56,60,61,62,63,67,
44.3571 - 44,34,33,43,42,32,17,18,19,20,35,36,46,45,52,57,56,60,61,62,63,67,
16.2308 - 44,51,50,55,56,60,62,63,67,
18.147 - 44,51,50,55,56,60,61,62,63,67,
18.147 - 44,51,50,55,56,60,61,62,63,67,
24.441 - 44,51,50,55,56,60,61,62,63,64,65,66,67,
32.7775 - 44,34,19,20,35,45,52,57,56,60,61,62,63,64,65,66,67,
18.147 - 44,51,50,55,56,60,61,62,63,67,
18.147 - 44,51,50,55,56,60,61,62,63,67,
25.0078 - 44,45,52,57,56,60,61,62,63,64,65,66,67,
34.5181 - 44,34,19,18,17,32,33,43,42,49,50,51,56,60,61,62,63,67,
18.147 - 44,51,50,55,56,60,61,62,63,67,
24.441 - 44,51,50,55,56,60,61,62,63,64,65,66,67,
22.4359 - 44,51,50,55,56,60,62,63,64,65,66,67,
22.4359 - 44,51,50,55,56,60,62,63,64,65,66,67,
26.8953 - 44,34,33,43,42,49,50,51,56,60,61,62,63,67,
22.4359 - 44,51,50,55,56,60,62,63,64,65,66,67,
20.2235 - 44,51,50,55,56,57,61,60,62,63,67,
31.0945 - 44,45,35,20,21,36,46,53,52,51,56,60,61,62,63,67,
38.4662 - 44,34,19,18,17,16,31,32,33,43,42,49,50,51,56,60,61,62,63,67,
18.147 - 44,51,50,55,56,60,61,62,63,67,
29.9051 - 44,45,46,53,52,57,56,60,61,62,63,64,65,66,67,
25.0078 - 44,45,52,57,56,60,61,62,63,64,65,66,67,
20.2235 - 44,51,50,55,56,57,61,60,62,63,67,
16.8753 - 44,51,56,57,61,60,62,63,67,
30.8735 - 44,34,19,20,35,36,46,53,52,57,56,60,61,62,63,67,
39.3377 - 44,45,35,20,21,36,37,38,48,47,54,53,52,51,56,60,61,62,63,67,
34.4179 - 44,45,35,20,13,19,34,33,43,50,51,56,60,61,62,63,67,
22.4359 - 44,51,50,55,56,60,62,63,64,65,66,67,
22.092 - 44,45,52,51,50,55,56,60,61,62,63,67,
22.4359 - 44,51,50,55,56,60,62,63,64,65,66,67,
16.2308 - 44,51,50,55,56,60,62,63,67,
18.0185 - 44,51,50,55,56,57,61,62,63,67,
20.2235 - 44,51,50,55,56,57,61,60,62,63,67,
20.2235 - 44,51,50,55,56,57,61,60,62,63,67,
22.4359 - 44,51,50,55,56,60,62,63,64,65,66,67,
22.8415 - 44,34,33,43,50,51,56,60,61,62,63,67,
26.1027 - 44,34,19,20,35,45,52,57,56,60,61,62,63,67,
20.2235 - 44,51,50,55,56,57,61,60,62,63,67,
37.1725 - 44,45,35,20,21,36,46,53,52,51,50,55,56,57,61,60,62,63,67,
37.4054 - 44,51,50,49,42,43,33,34,19,20,35,45,52,57,61,60,62,63,67,
22.4359 - 44,51,50,55,56,60,62,63,64,65,66,67,
22.8415 - 44,34,33,43,50,51,56,60,61,62,63,67,
26.615 - 44,51,50,55,56,57,61,60,62,63,64,65,66,67,
18.147 - 44,51,50,55,56,60,61,62,63,67,
18.147 - 44,51,50,55,56,60,61,62,63,67,
22.8415 - 44,34,33,43,50,51,56,60,61,62,63,67,
30.5708 - 44,45,35,36,46,53,52,51,50,55,56,60,61,62,63,67,
16.8753 - 44,51,56,57,61,60,62,63,67,
24.441 - 44,51,50,55,56,60,61,62,63,64,65,66,67,
24.441 - 44,51,50,55,56,60,61,62,63,64,65,66,67,
22.092 - 44,45,52,51,50,55,56,60,61,62,63,67,
18.147 - 44,51,50,55,56,60,61,62,63,67,
18.147 - 44,51,50,55,56,60,61,62,63,67,
18.147 - 44,51,50,55,56,60,61,62,63,67,
18.147 - 44,51,50,55,56,60,61,62,63,67,
33.5454 - 44,45,35,36,37,38,48,47,54,53,52,57,61,60,62,63,67,
22.8415 - 44,34,33,43,50,51,56,60,61,62,63,67,
17.1051 - 44,45,52,57,61,60,62,63,67,
45.8143 - 44,45,46,36,21,22,37,38,48,47,54,53,52,57,61,60,62,63,64,65,66,67,
16.2308 - 44,51,50,55,56,60,62,63,67,
25.0078 - 44,45,52,57,56,60,61,62,63,64,65,66,67,
20.2235 - 44,51,50,55,56,57,61,60,62,63,67,
22.8415 - 44,34,33,43,50,51,56,60,61,62,63,67,
24.441 - 44,51,50,55,56,60,61,62,63,64,65,66,67,
22.4359 - 44,51,50,55,56,60,62,63,64,65,66,67,
20.2235 - 44,51,50,55,56,57,61,60,62,63,67,
26.8953 - 44,34,33,43,42,49,50,51,56,60,61,62,63,67,
29.3578 - 44,34,33,43,50,51,56,60,61,62,63,64,65,66,67,
24.441 - 44,51,50,55,56,60,61,62,63,64,65,66,67,
22.4359 - 44,51,50,55,56,60,62,63,64,65,66,67,
24.441 - 44,51,50,55,56,60,61,62,63,64,65,66,67,
16.2308 - 44,51,50,55,56,60,62,63,67,
18.147 - 44,51,50,55,56,60,61,62,63,67,
16.2308 - 44,51,50,55,56,60,62,63,67,
22.4359 - 44,51,50,55,56,60,62,63,64,65,66,67,
22.4359 - 44,51,50,55,56,60,62,63,64,65,66,67,
16.2308 - 44,51,50,55,56,60,62,63,67,
20.2235 - 44,51,50,55,56,57,61,60,62,63,67,
18.0185 - 44,51,50,55,56,57,61,62,63,67,
18.147 - 44,51,50,55,56,60,61,62,63,67,
35.4489 - 44,34,19,20,21,36,35,45,46,53,52,51,56,60,61,62,63,67,
16.2308 - 44,51,50,55,56,60,62,63,67,
33.5442 - 44,45,46,53,52,51,50,55,56,60,61,62,63,64,65,66,67,
17.1051 - 44,45,52,57,61,60,62,63,67,
20.2235 - 44,51,50,55,56,57,61,60,62,63,67,
25.0146 - 44,45,52,51,56,60,61,62,63,64,65,66,67,
22.8415 - 44,34,33,43,50,51,56,60,61,62,63,67,
16.2308 - 44,51,50,55,56,60,62,63,67,
18.147 - 44,51,50,55,56,60,61,62,63,67,
18.6885 - 44,45,52,57,56,60,61,62,63,67,
34.0098 - 44,34,33,18,17,16,31,32,42,49,50,51,56,60,61,62,63,67,
20.2235 - 44,51,50,55,56,57,61,60,62,63,67,
26.1027 - 44,34,19,20,35,45,52,57,56,60,61,62,63,67,
26.1027 - 44,34,19,20,35,45,52,57,56,60,61,62,63,67,
16.2308 - 44,51,50,55,56,60,62,63,67,
17.1051 - 44,45,52,57,61,60,62,63,67,
26.1027 - 44,34,19,20,35,45,52,57,56,60,61,62,63,67,
20.2235 - 44,51,50,55,56,57,61,60,62,63,67,
16.2308 - 44,51,50,55,56,60,62,63,67,
22.4359 - 44,51,50,55,56,60,62,63,64,65,66,67,
18.695 - 44,45,52,51,56,60,61,62,63,67,
23.3636 - 44,45,46,53,52,57,56,60,61,62,63,67,
29.9051 - 44,45,46,53,52,57,56,60,61,62,63,64,65,66,67,
18.147 - 44,51,50,55,56,60,61,62,63,67,
22.4359 - 44,51,50,55,56,60,62,63,64,65,66,67,
22.8415 - 44,34,33,43,50,51,56,60,61,62,63,67,
18.147 - 44,51,50,55,56,60,61,62,63,67,
23.3151 - 44,45,46,53,52,51,56,60,61,62,63,67,
23.3636 - 44,45,46,53,52,57,56,60,61,62,63,67,
24.441 - 44,51,50,55,56,60,61,62,63,64,65,66,67,
31.0945 - 44,45,35,20,21,36,46,53,52,51,56,60,61,62,63,67,
37.1725 - 44,45,35,20,21,36,46,53,52,51,50,55,56,57,61,60,62,63,67,
22.4359 - 44,51,50,55,56,60,62,63,64,65,66,67,
20.2235 - 44,51,50,55,56,57,61,60,62,63,67,
35.6223 - 44,45,46,36,37,38,48,47,54,53,52,51,56,60,61,62,63,67,
18.147 - 44,51,50,55,56,60,61,62,63,67,
18.147 - 44,51,50,55,56,60,61,62,63,67,
24.441 - 44,51,50,55,56,60,61,62,63,64,65,66,67,
24.441 - 44,51,50,55,56,60,61,62,63,64,65,66,67,
18.147 - 44,51,50,55,56,60,61,62,63,67,
28.5725 - 44,45,52,51,50,55,56,60,61,62,63,64,65,66,67,
18.6885 - 44,45,52,57,56,60,61,62,63,67,
22.4359 - 44,51,50,55,56,60,62,63,64,65,66,67,
26.1027 - 44,34,19,20,35,45,52,57,56,60,61,62,63,67,
22.4359 - 44,51,50,55,56,60,62,63,64,65,66,67,
36.7088 - 44,51,56,55,50,43,33,34,19,20,35,45,52,57,61,60,62,63,67,
22.4359 - 44,51,50,55,56,60,62,63,64,65,66,67,
30.5708 - 44,45,35,36,46,53,52,51,50,55,56,60,61,62,63,67,
