22.3054 - 44,34,19,20,35,45,52,57,61,60,62,63,67,
33.5951 - 44,45,35,36,21,22,37,47,46,53,54,59,58,57,61,60,62,63,67,
28.2967 - 44,45,35,20,21,36,46,53,52,57,56,60,61,62,63,67,
22.3054 - 44,34,19,20,35,45,52,57,61,60,62,63,67,
23.4907 - 44,45,46,53,52,51,56,57,61,60,62,63,67,
23.1391 - 44,51,50,55,56,60,61,62,63,64,65,66,67,
17.6682 - 44,51,50,55,56,60,61,62,63,67,
19.7598 - 44,51,50,55,56,57,61,60,62,63,67,
35.0244 - 44,45,46,36,21,20,19,34,33,43,42,49,50,51,56,60,61,62,63,67,
17.6682 - 44,51,50,55,56,60,61,62,63,67,
23.1391 - 44,51,50,55,56,60,61,62,63,64,65,66,67,
48.6279 - 44,45,46,36,21,20,13,19,18,17,16,31,32,33,43,42,49,50,51,56,57,61,60,62,63,67,
23.0788 - 44,34,33,43,50,51,56,57,61,60,62,63,67,
20.9281 - 44,34,33,43,50,51,56,60,61,62,63,67,
15.7688 - 44,51,50,55,56,60,62,63,67,
17.5551 - 44,45,52,57,56,60,61,62,63,67,
33.0995 - 44,34,19,20,35,36,37,38,48,47,54,53,58,57,61,60,62,63,67,
15.8455 - 44,45,52,57,61,60,62,63,67,
22.3054 - 44,34,19,20,35,45,52,57,61,60,62,63,67,
17.6682 - 44,51,50,55,56,60,61,62,63,67,
29.5431 - 44,45,46,36,37,38,48,47,54,53,58,57,61,60,62,63,67,
17.6741 - 44,51,50,55,56,57,61,62,63,67,
15.7688 - 44,51,50,55,56,60,62,63,67,
15.7688 - 44,51,50,55,56,60,62,63,67,
23.1391 - 44,51,50,55,56,60,61,62,63,64,65,66,67,
23.0708 - 44,45,52,51,56,60,61,62,63,64,65,66,67,
24.8362 - 44,45,35,36,46,53,52,57,56,60,61,62,63,67,
23.0788 - 44,34,33,43,50,51,56,57,61,60,62,63,67,
20.9281 - 44,34,33,43,50,51,56,60,61,62,63,67,
28.2967 - 44,45,35,20,21,36,46,53,52,57,56,60,61,62,63,67,
20.9281 - 44,34,33,43,50,51,56,60,61,62,63,67,
19.7598 - 44,51,50,55,56,57,61,60,62,63,67,
20.9281 - 44,34,33,43,50,51,56,60,61,62,63,67,
23.0788 - 44,34,33,43,50,51,56,57,61,60,62,63,67,
24.8767 - 44,45,46,53,52,51,50,55,56,60,61,62,63,67,
21.3153 - 44,45,46,53,52,57,56,60,61,62,63,67,
19.7598 - 44,51,50,55,56,57,61,60,62,63,67,
26.4203 - 44,45,35,20,21,36,46,53,52,57,61,60,62,63,67,
21.1481 - 44,51,50,55,56,60,62,63,64,65,66,67,
15.7688 - 44,51,50,55,56,60,62,63,67,
39.8072 - 44,34,33,43,50,49,42,32,17,18,19,13,20,35,45,52,57,61,60,62,63,67,
15.7688 - 44,51,50,55,56,60,62,63,67,
16.3355 - 44,51,56,57,61,60,62,63,67,
17.6682 - 44,51,50,55,56,60,61,62,63,67,
15.7688 - 44,51,50,55,56,60,62,63,67,
17.6682 - 44,51,50,55,56,60,61,62,63,67,
15.7688 - 44,51,50,55,56,60,62,63,67,
21.1481 - 44,51,50,55,56,60,62,63,64,65,66,67,
21.1481 - 44,51,50,55,56,60,62,63,64,65,66,67,
17.6682 - 44,51,50,55,56,60,61,62,63,67,
34.3149 - 44,34,19,20,13,12,18,17,32,33,43,50,51,56,60,61,62,63,67,
17.5551 - 44,45,52,57,56,60,61,62,63,67,
19.7598 - 44,51,50,55,56,57,61,60,62,63,67,
15.7688 - 44,51,50,55,56,60,62,63,67,
21.1481 - 44,51,50,55,56,60,62,63,64,65,66,67,
19.7598 - 44,51,50,55,56,57,61,60,62,63,67,
19.549 - 44,45,46,53,52,57,61,60,62,63,67,
19.7598 - 44,51,50,55,56,57,61,60,62,63,67,
17.6682 - 44,51,50,55,56,60,61,62,63,67,
22.3054 - 44,34,19,20,35,45,52,57,61,60,62,63,67,
23.0205 - 44,45,52,57,56,60,61,62,63,64,65,66,67,
22.3054 - 44,34,19,20,35,45,52,57,61,60,62,63,67,
37.4551 - 44,34,33,18,17,16,31,32,42,49,50,51,56,60,61,62,63,64,65,66,67,
17.6682 - 44,51,50,55,56,60,61,62,63,67,
19.7598 - 44,51,50,55,56,57,61,60,62,63,67,
29.5431 - 44,45,46,36,37,38,48,47,54,53,58,57,61,60,62,63,67,
15.8455 - 44,45,52,57,61,60,62,63,67,
19.7598 - 44,51,50,55,56,57,61,60,62,63,67,
17.6682 - 44,51,50,55,56,60,61,62,63,67,
19.549 - 44,45,46,53,52,57,61,60,62,63,67,
21.1481 - 44,51,50,55,56,60,62,63,64,65,66,67,
17.6682 - 44,51,50,55,56,60,61,62,63,67,
38.3967 - 44,34,33,43,42,32,17,18,19,20,35,36,46,45,52,57,56,60,61,62,63,67,
15.7688 - 44,51,50,55,56,60,62,63,67,
17.6682 - 44,51,50,55,56,60,61,62,63,67,
17.6682 - 44,51,50,55,56,60,61,62,63,67,
22.3054 - 44,34,19,20,35,45,52,57,61,60,62,63,67,
29.9086 - 44,34,19,20,35,45,52,57,56,60,61,62,63,64,65,66,67,
17.6682 - 44,51,50,55,56,60,61,62,63,67,
17.6682 - 44,51,50,55,56,60,61,62,63,67,
23.0205 - 44,45,52,57,56,60,61,62,63,64,65,66,67,
31.0518 - 44,34,19,18,17,32,33,43,42,49,50,51,56,60,61,62,63,67,
17.6682 - 44,51,50,55,56,60,61,62,63,67,
22.3054 - 44,34,19,20,35,45,52,57,61,60,62,63,67,
21.1481 - 44,51,50,55,56,60,62,63,64,65,66,67,
21.1481 - 44,51,50,55,56,60,62,63,64,65,66,67,
24.1591 - 44,34,33,43,42,49,50,51,56,60,61,62,63,67,
21.1481 - 44,51,50,55,56,60,62,63,64,65,66,67,
19.7598 - 44,51,50,55,56,57,61,60,62,63,67,
28.2523 - 44,45,35,20,21,36,46,53,52,51,56,60,61,62,63,67,
34.683 - 44,34,19,18,17,16,31,32,33,43,42,49,50,51,56,60,61,62,63,67,
17.6682 - 44,51,50,55,56,60,61,62,63,67,
26.9664 - 44,45,46,53,52,57,56,60,61,62,63,64,65,66,67,
23.0205 - 44,45,52,57,56,60,61,62,63,64,65,66,67,
19.7598 - 44,51,50,55,56,57,61,60,62,63,67,
16.3355 - 44,51,56,57,61,60,62,63,67,
28.163 - 44,34,19,20,35,36,46,53,52,57,56,60,61,62,63,67,
35.2261 - 44,45,35,20,21,36,37,38,48,47,54,53,52,51,56,60,61,62,63,67,
30.8755 - 44,45,35,20,13,19,34,33,43,50,51,56,60,61,62,63,67,
21.1481 - 44,51,50,55,56,60,62,63,64,65,66,67,
21.051 - 44,45,52,51,50,55,56,60,61,62,63,67,
21.1481 - 44,51,50,55,56,60,62,63,64,65,66,67,
15.7688 - 44,51,50,55,56,60,62,63,67,
17.6741 - 44,51,50,55,56,57,61,62,63,67,
19.7598 - 44,51,50,55,56,57,61,60,62,63,67,
19.7598 - 44,51,50,55,56,57,61,60,62,63,67,
21.1481 - 44,51,50,55,56,60,62,63,64,65,66,67,
20.9281 - 44,34,33,43,50,51,56,60,61,62,63,67,
24.1591 - 44,34,33,43,42,49,50,51,56,60,61,62,63,67,
19.7598 - 44,51,50,55,56,57,61,60,62,63,67,
34.3475 - 44,45,35,20,21,36,46,53,52,51,50,55,56,57,61,60,62,63,67,
32.6016 - 44,51,50,49,42,43,33,34,19,20,35,45,52,57,61,60,62,63,67,
21.1481 - 44,51,50,55,56,60,62,63,64,65,66,67,
20.9281 - 44,34,33,43,50,51,56,60,61,62,63,67,
25.3333 - 44,51,50,55,56,57,61,60,62,63,64,65,66,67,
17.6682 - 44,51,50,55,56,60,61,62,63,67,
17.6682 - 44,51,50,55,56,60,61,62,63,67,
20.9281 - 44,34,33,43,50,51,56,60,61,62,63,67,
28.4599 - 44,45,35,36,46,53,52,51,50,55,56,60,61,62,63,67,
16.3355 - 44,51,56,57,61,60,62,63,67,
22.3054 - 44,34,19,20,35,45,52,57,61,60,62,63,67,
23.1391 - 44,51,50,55,56,60,61,62,63,64,65,66,67,
21.051 - 44,45,52,51,50,55,56,60,61,62,63,67,
17.6682 - 44,51,50,55,56,60,61,62,63,67,
17.6682 - 44,51,50,55,56,60,61,62,63,67,
17.6682 - 44,51,50,55,56,60,61,62,63,67,
17.6682 - 44,51,50,55,56,60,61,62,63,67,
29.8375 - 44,45,35,36,37,38,48,47,54,53,52,57,61,60,62,63,67,
20.9281 - 44,34,33,43,50,51,56,60,61,62,63,67,
15.8455 - 44,45,52,57,61,60,62,63,67,
39.7513 - 44,45,46,36,21,22,37,38,48,47,54,53,52,57,61,60,62,63,64,65,66,67,
15.7688 - 44,51,50,55,56,60,62,63,67,
23.0205 - 44,45,52,57,56,60,61,62,63,64,65,66,67,
19.7598 - 44,51,50,55,56,57,61,60,62,63,67,
20.9281 - 44,34,33,43,50,51,56,60,61,62,63,67,
22.3054 - 44,34,19,20,35,45,52,57,61,60,62,63,67,
21.1481 - 44,51,50,55,56,60,62,63,64,65,66,67,
19.7598 - 44,51,50,55,56,57,61,60,62,63,67,
24.1591 - 44,34,33,43,42,49,50,51,56,60,61,62,63,67,
26.5598 - 44,34,33,43,50,51,56,60,61,62,63,64,65,66,67,
22.3054 - 44,34,19,20,35,45,52,57,61,60,62,63,67,
21.1481 - 44,51,50,55,56,60,62,63,64,65,66,67,
23.0788 - 44,34,33,43,50,51,56,57,61,60,62,63,67,
15.7688 - 44,51,50,55,56,60,62,63,67,
17.6682 - 44,51,50,55,56,60,61,62,63,67,
15.7688 - 44,51,50,55,56,60,62,63,67,
21.1481 - 44,51,50,55,56,60,62,63,64,65,66,67,
21.1481 - 44,51,50,55,56,60,62,63,64,65,66,67,
15.7688 - 44,51,50,55,56,60,62,63,67,
19.7598 - 44,51,50,55,56,57,61,60,62,63,67,
17.6741 - 44,51,50,55,56,57,61,62,63,67,
17.6682 - 44,51,50,55,56,60,61,62,63,67,
31.8465 - 44,34,19,20,21,36,35,45,46,53,52,51,56,60,61,62,63,67,
15.7688 - 44,51,50,55,56,60,62,63,67,
30.7096 - 44,45,46,53,52,51,50,55,56,60,61,62,63,64,65,66,67,
15.8455 - 44,45,52,57,61,60,62,63,67,
19.7598 - 44,51,50,55,56,57,61,60,62,63,67,
23.0708 - 44,45,52,51,56,60,61,62,63,64,65,66,67,
20.9281 - 44,34,33,43,50,51,56,60,61,62,63,67,
15.7688 - 44,51,50,55,56,60,62,63,67,
17.6682 - 44,51,50,55,56,60,61,62,63,67,
17.5551 - 44,45,52,57,56,60,61,62,63,67,
31.2801 - 44,34,33,18,17,16,31,32,42,49,50,51,56,60,61,62,63,67,
19.7598 - 44,51,50,55,56,57,61,60,62,63,67,
24.1591 - 44,34,33,43,42,49,50,51,56,60,61,62,63,67,
24.1151 - 44,34,19,20,35,45,52,57,56,60,61,62,63,67,
15.7688 - 44,51,50,55,56,60,62,63,67,
15.8455 - 44,45,52,57,61,60,62,63,67,
24.1591 - 44,34,33,43,42,49,50,51,56,60,61,62,63,67,
19.7598 - 44,51,50,55,56,57,61,60,62,63,67,
15.7688 - 44,51,50,55,56,60,62,63,67,
21.1481 - 44,51,50,55,56,60,62,63,64,65,66,67,
17.6031 - 44,45,52,51,56,60,61,62,63,67,
21.3153 - 44,45,46,53,52,57,56,60,61,62,63,67,
26.9664 - 44,45,46,53,52,57,56,60,61,62,63,64,65,66,67,
17.6682 - 44,51,50,55,56,60,61,62,63,67,
21.1481 - 44,51,50,55,56,60,62,63,64,65,66,67,
20.9281 - 44,34,33,43,50,51,56,60,61,62,63,67,
17.6682 - 44,51,50,55,56,60,61,62,63,67,
21.3325 - 44,45,46,53,52,51,56,60,61,62,63,67,
21.3153 - 44,45,46,53,52,57,56,60,61,62,63,67,
23.0788 - 44,34,33,43,50,51,56,57,61,60,62,63,67,
17.6682 - 44,51,50,55,56,60,61,62,63,67,
34.3475 - 44,45,35,20,21,36,46,53,52,51,50,55,56,57,61,60,62,63,67,
21.1481 - 44,51,50,55,56,60,62,63,64,65,66,67,
19.7598 - 44,51,50,55,56,57,61,60,62,63,67,
31.5058 - 44,45,46,36,37,38,48,47,54,53,52,51,56,60,61,62,63,67,
17.6682 - 44,51,50,55,56,60,61,62,63,67,
17.6682 - 44,51,50,55,56,60,61,62,63,67,
23.0788 - 44,34,33,43,50,51,56,57,61,60,62,63,67,
22.3054 - 44,34,19,20,35,45,52,57,61,60,62,63,67,
17.6682 - 44,51,50,55,56,60,61,62,63,67,
26.6888 - 44,45,52,51,50,55,56,60,61,62,63,64,65,66,67,
17.5551 - 44,45,52,57,56,60,61,62,63,67,
21.1481 - 44,51,50,55,56,60,62,63,64,65,66,67,
24.1151 - 44,34,19,20,35,45,52,57,56,60,61,62,63,67,
21.1481 - 44,51,50,55,56,60,62,63,64,65,66,67,
32.9495 - 44,51,56,55,50,43,33,34,19,20,35,45,52,57,61,60,62,63,67,
21.1481 - 44,51,50,55,56,60,62,63,64,65,66,67,
28.4599 - 44,45,35,36,46,53,52,51,50,55,56,60,61,62,63,67,
