19.5295 - 44,51,50,55,56,60,61,62,63,64,65,66,67,
28.7858 - 44,45,35,36,21,22,37,47,46,53,54,59,58,57,61,60,62,63,67,
24.1859 - 44,45,35,20,21,36,46,53,52,57,56,60,61,62,63,67,
19.5295 - 44,51,50,55,56,60,61,62,63,64,65,66,67,
20.3377 - 44,45,46,53,52,51,56,57,61,60,62,63,67,
19.5295 - 44,51,50,55,56,60,61,62,63,64,65,66,67,
15.0763 - 44,51,50,55,56,60,61,62,63,67,
16.8082 - 44,51,50,55,56,57,61,60,62,63,67,
29.8301 - 44,45,46,36,21,20,19,34,33,43,42,49,50,51,56,60,61,62,63,67,
15.0763 - 44,51,50,55,56,60,61,62,63,67,
19.5295 - 44,51,50,55,56,60,61,62,63,64,65,66,67,
42.1589 - 44,45,46,53,54,47,48,38,37,36,21,20,19,34,33,43,50,51,56,57,61,60,62,63,64,65,66,67,
19.5295 - 44,51,50,55,56,60,61,62,63,64,65,66,67,
17.9203 - 44,34,33,43,50,51,56,60,61,62,63,67,
13.5615 - 44,51,50,55,56,60,62,63,67,
15.2999 - 44,45,52,57,56,60,61,62,63,67,
28.6648 - 44,34,19,20,35,36,37,38,48,47,54,53,58,57,61,60,62,63,67,
13.9574 - 44,45,52,57,61,60,62,63,67,
19.5295 - 44,51,50,55,56,60,61,62,63,64,65,66,67,
15.0763 - 44,51,50,55,56,60,61,62,63,67,
25.9392 - 44,45,46,36,37,38,48,47,54,53,58,57,61,60,62,63,67,
14.9052 - 44,51,50,55,56,57,61,62,63,67,
13.5615 - 44,51,50,55,56,60,62,63,67,
13.5615 - 44,51,50,55,56,60,62,63,67,
19.5295 - 44,51,50,55,56,60,61,62,63,64,65,66,67,
19.75 - 44,45,52,51,56,60,61,62,63,64,65,66,67,
21.3728 - 44,45,35,36,46,53,52,57,56,60,61,62,63,67,
19.5295 - 44,51,50,55,56,60,61,62,63,64,65,66,67,
17.9203 - 44,34,33,43,50,51,56,60,61,62,63,67,
24.1859 - 44,45,35,20,21,36,46,53,52,57,56,60,61,62,63,67,
17.9203 - 44,34,33,43,50,51,56,60,61,62,63,67,
16.8082 - 44,51,50,55,56,57,61,60,62,63,67,
17.9203 - 44,34,33,43,50,51,56,60,61,62,63,67,
19.5295 - 44,51,50,55,56,60,61,62,63,64,65,66,67,
21.4727 - 44,45,46,53,52,51,50,55,56,60,61,62,63,67,
18.6032 - 44,45,46,53,52,57,56,60,61,62,63,67,
16.8082 - 44,51,50,55,56,57,61,60,62,63,67,
22.8244 - 44,45,35,20,21,36,46,53,52,57,61,60,62,63,67,
18.0059 - 44,51,50,55,56,60,62,63,64,65,66,67,
13.5615 - 44,51,50,55,56,60,62,63,67,
33.6309 - 44,34,33,43,50,49,42,32,17,18,19,13,20,35,45,52,57,61,60,62,63,67,
13.5615 - 44,51,50,55,56,60,62,63,67,
13.9581 - 44,51,56,57,61,60,62,63,67,
15.0763 - 44,51,50,55,56,60,61,62,63,67,
13.5615 - 44,51,50,55,56,60,62,63,67,
15.0763 - 44,51,50,55,56,60,61,62,63,67,
13.5615 - 44,51,50,55,56,60,62,63,67,
18.0059 - 44,51,50,55,56,60,62,63,64,65,66,67,
18.0059 - 44,51,50,55,56,60,62,63,64,65,66,67,
15.0763 - 44,51,50,55,56,60,61,62,63,67,
29.1807 - 44,34,19,20,13,12,18,17,32,33,43,50,51,56,60,61,62,63,67,
15.2999 - 44,45,52,57,56,60,61,62,63,67,
16.8082 - 44,51,50,55,56,57,61,60,62,63,67,
13.5615 - 44,51,50,55,56,60,62,63,67,
18.0059 - 44,51,50,55,56,60,62,63,64,65,66,67,
16.8082 - 44,51,50,55,56,57,61,60,62,63,67,
17.2537 - 44,45,46,53,52,57,61,60,62,63,67,
16.8082 - 44,51,50,55,56,57,61,60,62,63,67,
15.0763 - 44,51,50,55,56,60,61,62,63,67,
19.5295 - 44,51,50,55,56,60,61,62,63,64,65,66,67,
19.7544 - 44,45,52,57,56,60,61,62,63,64,65,66,67,
19.5295 - 44,51,50,55,56,60,61,62,63,64,65,66,67,
31.0197 - 44,34,33,18,17,16,31,32,42,49,50,51,56,60,61,62,63,64,65,66,67,
15.0763 - 44,51,50,55,56,60,61,62,63,67,
16.8082 - 44,51,50,55,56,57,61,60,62,63,67,
25.9392 - 44,45,46,36,37,38,48,47,54,53,58,57,61,60,62,63,67,
13.9574 - 44,45,52,57,61,60,62,63,67,
16.8082 - 44,51,50,55,56,57,61,60,62,63,67,
15.0763 - 44,51,50,55,56,60,61,62,63,67,
17.2537 - 44,45,46,53,52,57,61,60,62,63,67,
18.0059 - 44,51,50,55,56,60,62,63,64,65,66,67,
15.0763 - 44,51,50,55,56,60,61,62,63,67,
32.786 - 44,34,33,43,42,32,17,18,19,20,35,36,46,45,52,57,56,60,61,62,63,67,
13.5615 - 44,51,50,55,56,60,62,63,67,
15.0763 - 44,51,50,55,56,60,61,62,63,67,
15.0763 - 44,51,50,55,56,60,61,62,63,67,
19.5295 - 44,51,50,55,56,60,61,62,63,64,65,66,67,
25.4452 - 44,34,19,20,35,45,52,57,56,60,61,62,63,64,65,66,67,
15.0763 - 44,51,50,55,56,60,61,62,63,67,
15.0763 - 44,51,50,55,56,60,61,62,63,67,
19.7544 - 44,45,52,57,56,60,61,62,63,64,65,66,67,
26.4808 - 44,34,19,18,17,32,33,43,42,49,50,51,56,60,61,62,63,67,
15.0763 - 44,51,50,55,56,60,61,62,63,67,
19.5295 - 44,51,50,55,56,60,61,62,63,64,65,66,67,
18.0059 - 44,51,50,55,56,60,62,63,64,65,66,67,
18.0059 - 44,51,50,55,56,60,62,63,64,65,66,67,
20.722 - 44,34,33,43,42,49,50,51,56,60,61,62,63,67,
18.0059 - 44,51,50,55,56,60,62,63,64,65,66,67,
16.8082 - 44,51,50,55,56,57,61,60,62,63,67,
24.1733 - 44,45,35,20,21,36,46,53,52,51,56,60,61,62,63,67,
29.3967 - 44,34,19,18,17,16,31,32,33,43,42,49,50,51,56,60,61,62,63,67,
15.0763 - 44,51,50,55,56,60,61,62,63,67,
23.077 - 44,45,46,53,52,57,56,60,61,62,63,64,65,66,67,
19.7544 - 44,45,52,57,56,60,61,62,63,64,65,66,67,
16.8082 - 44,51,50,55,56,57,61,60,62,63,67,
13.9581 - 44,51,56,57,61,60,62,63,67,
24.1871 - 44,34,19,20,35,36,46,53,52,57,56,60,61,62,63,67,
29.9932 - 44,45,35,20,21,36,37,38,48,47,54,53,52,51,56,60,61,62,63,67,
26.3286 - 44,45,35,20,13,19,34,33,43,50,51,56,60,61,62,63,67,
18.0059 - 44,51,50,55,56,60,62,63,64,65,66,67,
18.1542 - 44,45,52,51,50,55,56,60,61,62,63,67,
18.0059 - 44,51,50,55,56,60,62,63,64,65,66,67,
13.5615 - 44,51,50,55,56,60,62,63,67,
14.9052 - 44,51,50,55,56,57,61,62,63,67,
16.8082 - 44,51,50,55,56,57,61,60,62,63,67,
16.8082 - 44,51,50,55,56,57,61,60,62,63,67,
18.0059 - 44,51,50,55,56,60,62,63,64,65,66,67,
17.9203 - 44,34,33,43,50,51,56,60,61,62,63,67,
20.722 - 44,34,33,43,42,49,50,51,56,60,61,62,63,67,
16.8082 - 44,51,50,55,56,57,61,60,62,63,67,
28.8479 - 44,45,35,20,21,36,46,53,52,51,50,55,56,57,61,60,62,63,67,
28.1863 - 44,51,50,49,42,43,33,34,19,20,35,45,52,57,61,60,62,63,67,
18.0059 - 44,51,50,55,56,60,62,63,64,65,66,67,
17.9203 - 44,34,33,43,50,51,56,60,61,62,63,67,
21.2716 - 44,51,50,55,56,57,61,60,62,63,64,65,66,67,
15.0763 - 44,51,50,55,56,60,61,62,63,67,
15.0763 - 44,51,50,55,56,60,61,62,63,67,
17.9203 - 44,34,33,43,50,51,56,60,61,62,63,67,
24.2552 - 44,45,35,36,46,53,52,51,50,55,56,60,61,62,63,67,
13.9581 - 44,51,56,57,61,60,62,63,67,
19.5295 - 44,51,50,55,56,60,61,62,63,64,65,66,67,
19.5295 - 44,51,50,55,56,60,61,62,63,64,65,66,67,
18.1542 - 44,45,52,51,50,55,56,60,61,62,63,67,
15.0763 - 44,51,50,55,56,60,61,62,63,67,
15.0763 - 44,51,50,55,56,60,61,62,63,67,
15.0763 - 44,51,50,55,56,60,61,62,63,67,
15.0763 - 44,51,50,55,56,60,61,62,63,67,
25.8038 - 44,45,35,36,37,38,48,47,54,53,52,57,61,60,62,63,67,
17.9203 - 44,34,33,43,50,51,56,60,61,62,63,67,
13.9574 - 44,45,52,57,61,60,62,63,67,
33.4558 - 44,45,46,36,21,22,37,38,48,47,54,53,52,57,61,60,62,63,64,65,66,67,
13.5615 - 44,51,50,55,56,60,62,63,67,
19.7544 - 44,45,52,57,56,60,61,62,63,64,65,66,67,
16.8082 - 44,51,50,55,56,57,61,60,62,63,67,
17.9203 - 44,34,33,43,50,51,56,60,61,62,63,67,
19.5295 - 44,51,50,55,56,60,61,62,63,64,65,66,67,
18.0059 - 44,51,50,55,56,60,62,63,64,65,66,67,
16.8082 - 44,51,50,55,56,57,61,60,62,63,67,
20.722 - 44,34,33,43,42,49,50,51,56,60,61,62,63,67,
22.3901 - 44,34,33,43,50,51,56,60,61,62,63,64,65,66,67,
19.5295 - 44,51,50,55,56,60,61,62,63,64,65,66,67,
18.0059 - 44,51,50,55,56,60,62,63,64,65,66,67,
19.5295 - 44,51,50,55,56,60,61,62,63,64,65,66,67,
13.5615 - 44,51,50,55,56,60,62,63,67,
15.0763 - 44,51,50,55,56,60,61,62,63,67,
13.5615 - 44,51,50,55,56,60,62,63,67,
18.0059 - 44,51,50,55,56,60,62,63,64,65,66,67,
18.0059 - 44,51,50,55,56,60,62,63,64,65,66,67,
13.5615 - 44,51,50,55,56,60,62,63,67,
16.8082 - 44,51,50,55,56,57,61,60,62,63,67,
14.9052 - 44,51,50,55,56,57,61,62,63,67,
15.0763 - 44,51,50,55,56,60,61,62,63,67,
27.211 - 44,34,19,20,21,36,35,45,46,53,52,51,56,60,61,62,63,67,
13.5615 - 44,51,50,55,56,60,62,63,67,
25.9634 - 44,45,46,53,52,51,50,55,56,60,61,62,63,64,65,66,67,
13.9574 - 44,45,52,57,61,60,62,63,67,
16.8082 - 44,51,50,55,56,57,61,60,62,63,67,
19.75 - 44,45,52,51,56,60,61,62,63,64,65,66,67,
17.9203 - 44,34,33,43,50,51,56,60,61,62,63,67,
13.5615 - 44,51,50,55,56,60,62,63,67,
15.0763 - 44,51,50,55,56,60,61,62,63,67,
15.2999 - 44,45,52,57,56,60,61,62,63,67,
26.4995 - 44,34,33,18,17,16,31,32,42,49,50,51,56,60,61,62,63,67,
16.8082 - 44,51,50,55,56,57,61,60,62,63,67,
20.722 - 44,34,33,43,42,49,50,51,56,60,61,62,63,67,
20.9577 - 44,34,19,20,35,45,52,57,56,60,61,62,63,67,
13.5615 - 44,51,50,55,56,60,62,63,67,
13.9574 - 44,45,52,57,61,60,62,63,67,
20.722 - 44,34,33,43,42,49,50,51,56,60,61,62,63,67,
16.8082 - 44,51,50,55,56,57,61,60,62,63,67,
13.5615 - 44,51,50,55,56,60,62,63,67,
18.0059 - 44,51,50,55,56,60,62,63,64,65,66,67,
15.2954 - 44,45,52,51,56,60,61,62,63,67,
18.6032 - 44,45,46,53,52,57,56,60,61,62,63,67,
23.077 - 44,45,46,53,52,57,56,60,61,62,63,64,65,66,67,
15.0763 - 44,51,50,55,56,60,61,62,63,67,
18.0059 - 44,51,50,55,56,60,62,63,64,65,66,67,
17.9203 - 44,34,33,43,50,51,56,60,61,62,63,67,
15.0763 - 44,51,50,55,56,60,61,62,63,67,
18.5957 - 44,45,46,53,52,51,56,60,61,62,63,67,
18.6032 - 44,45,46,53,52,57,56,60,61,62,63,67,
19.5295 - 44,51,50,55,56,60,61,62,63,64,65,66,67,
15.0763 - 44,51,50,55,56,60,61,62,63,67,
28.8479 - 44,45,35,20,21,36,46,53,52,51,50,55,56,57,61,60,62,63,67,
18.0059 - 44,51,50,55,56,60,62,63,64,65,66,67,
16.8082 - 44,51,50,55,56,57,61,60,62,63,67,
27.2693 - 44,45,46,36,37,38,48,47,54,53,52,51,56,60,61,62,63,67,
15.0763 - 44,51,50,55,56,60,61,62,63,67,
15.0763 - 44,51,50,55,56,60,61,62,63,67,
19.5295 - 44,51,50,55,56,60,61,62,63,64,65,66,67,
19.5295 - 44,51,50,55,56,60,61,62,63,64,65,66,67,
15.0763 - 44,51,50,55,56,60,61,62,63,67,
22.6254 - 44,45,52,51,50,55,56,60,61,62,63,64,65,66,67,
15.2999 - 44,45,52,57,56,60,61,62,63,67,
18.0059 - 44,51,50,55,56,60,62,63,64,65,66,67,
20.9577 - 44,34,19,20,35,45,52,57,56,60,61,62,63,67,
18.0059 - 44,51,50,55,56,60,62,63,64,65,66,67,
28.2513 - 44,51,56,55,50,43,33,34,19,20,35,45,52,57,61,60,62,63,67,
18.0059 - 44,51,50,55,56,60,62,63,64,65,66,67,
24.2552 - 44,45,35,36,46,53,52,51,50,55,56,60,61,62,63,67,
