21.3751 - 44,34,19,20,35,45,52,57,61,60,62,63,67,
32.0623 - 44,45,35,36,21,22,37,47,46,53,54,59,58,57,61,60,62,63,67,
26.2805 - 44,45,35,20,21,36,46,53,52,57,56,60,61,62,63,67,
21.3751 - 44,34,19,20,35,45,52,57,61,60,62,63,67,
22.0466 - 44,45,46,53,52,51,56,57,61,60,62,63,67,
22.1236 - 44,51,50,55,56,60,61,62,63,64,65,66,67,
16.2224 - 44,51,50,55,56,60,61,62,63,67,
18.3116 - 44,51,50,55,56,57,61,60,62,63,67,
33.7093 - 44,45,46,36,21,20,19,34,33,43,42,49,50,51,56,60,61,62,63,67,
16.2224 - 44,51,50,55,56,60,61,62,63,67,
22.1236 - 44,51,50,55,56,60,61,62,63,64,65,66,67,
46.963 - 44,45,46,36,21,20,13,19,18,17,16,31,32,33,43,42,49,50,51,56,57,61,60,62,63,67,
21.3751 - 44,34,19,20,35,45,52,57,61,60,62,63,67,
20.0113 - 44,34,33,43,50,51,56,60,61,62,63,67,
14.7037 - 44,51,50,55,56,60,62,63,67,
16.1866 - 44,45,52,57,56,60,61,62,63,67,
33.1111 - 44,34,19,20,35,36,37,38,48,47,54,53,58,57,61,60,62,63,67,
14.5878 - 44,45,52,57,61,60,62,63,67,
21.3751 - 44,34,19,20,35,45,52,57,61,60,62,63,67,
16.2224 - 44,51,50,55,56,60,61,62,63,67,
29.0918 - 44,45,46,36,37,38,48,47,54,53,58,57,61,60,62,63,67,
16.0461 - 44,51,50,55,56,57,61,62,63,67,
14.7037 - 44,51,50,55,56,60,62,63,67,
14.7037 - 44,51,50,55,56,60,62,63,67,
22.1236 - 44,51,50,55,56,60,61,62,63,64,65,66,67,
22.1759 - 44,45,52,51,56,60,61,62,63,64,65,66,67,
23.0476 - 44,45,35,36,46,53,52,57,56,60,61,62,63,67,
21.3751 - 44,34,19,20,35,45,52,57,61,60,62,63,67,
20.0113 - 44,34,33,43,50,51,56,60,61,62,63,67,
26.2805 - 44,45,35,20,21,36,46,53,52,57,56,60,61,62,63,67,
20.0113 - 44,34,33,43,50,51,56,60,61,62,63,67,
18.3116 - 44,51,50,55,56,57,61,60,62,63,67,
20.0113 - 44,34,33,43,50,51,56,60,61,62,63,67,
21.3751 - 44,34,19,20,35,45,52,57,61,60,62,63,67,
23.1468 - 44,45,46,53,52,51,50,55,56,60,61,62,63,67,
19.8058 - 44,45,46,53,52,57,56,60,61,62,63,67,
18.3116 - 44,51,50,55,56,57,61,60,62,63,67,
24.5382 - 44,45,35,20,21,36,46,53,52,57,61,60,62,63,67,
20.5016 - 44,51,50,55,56,60,62,63,64,65,66,67,
14.7037 - 44,51,50,55,56,60,62,63,67,
38.5803 - 44,34,33,43,50,49,42,32,17,18,19,13,20,35,45,52,57,61,60,62,63,67,
14.7037 - 44,51,50,55,56,60,62,63,67,
15.0853 - 44,51,56,57,61,60,62,63,67,
16.2224 - 44,51,50,55,56,60,61,62,63,67,
14.7037 - 44,51,50,55,56,60,62,63,67,
16.2224 - 44,51,50,55,56,60,61,62,63,67,
14.7037 - 44,51,50,55,56,60,62,63,67,
20.5016 - 44,51,50,55,56,60,62,63,64,65,66,67,
20.5016 - 44,51,50,55,56,60,62,63,64,65,66,67,
16.2224 - 44,51,50,55,56,60,61,62,63,67,
33.8345 - 44,34,19,20,13,12,18,17,32,33,43,50,51,56,60,61,62,63,67,
16.1866 - 44,45,52,57,56,60,61,62,63,67,
18.3116 - 44,51,50,55,56,57,61,60,62,63,67,
14.7037 - 44,51,50,55,56,60,62,63,67,
20.5016 - 44,51,50,55,56,60,62,63,64,65,66,67,
18.3116 - 44,51,50,55,56,57,61,60,62,63,67,
18.1569 - 44,45,46,53,52,57,61,60,62,63,67,
18.3116 - 44,51,50,55,56,57,61,60,62,63,67,
16.2224 - 44,51,50,55,56,60,61,62,63,67,
21.3751 - 44,34,19,20,35,45,52,57,61,60,62,63,67,
22.0854 - 44,45,52,57,56,60,61,62,63,64,65,66,67,
21.3751 - 44,34,19,20,35,45,52,57,61,60,62,63,67,
37.0301 - 44,34,33,18,17,16,31,32,42,49,50,51,56,60,61,62,63,64,65,66,67,
16.2224 - 44,51,50,55,56,60,61,62,63,67,
18.3116 - 44,51,50,55,56,57,61,60,62,63,67,
29.0918 - 44,45,46,36,37,38,48,47,54,53,58,57,61,60,62,63,67,
14.5878 - 44,45,52,57,61,60,62,63,67,
18.3116 - 44,51,50,55,56,57,61,60,62,63,67,
16.2224 - 44,51,50,55,56,60,61,62,63,67,
18.1569 - 44,45,46,53,52,57,61,60,62,63,67,
20.5016 - 44,51,50,55,56,60,62,63,64,65,66,67,
16.2224 - 44,51,50,55,56,60,61,62,63,67,
37.5362 - 44,34,33,43,42,32,17,18,19,20,35,36,46,45,52,57,56,60,61,62,63,67,
14.7037 - 44,51,50,55,56,60,62,63,67,
16.2224 - 44,51,50,55,56,60,61,62,63,67,
16.2224 - 44,51,50,55,56,60,61,62,63,67,
21.3751 - 44,34,19,20,35,45,52,57,61,60,62,63,67,
29.4573 - 44,34,19,20,35,45,52,57,56,60,61,62,63,64,65,66,67,
16.2224 - 44,51,50,55,56,60,61,62,63,67,
16.2224 - 44,51,50,55,56,60,61,62,63,67,
22.0854 - 44,45,52,57,56,60,61,62,63,64,65,66,67,
30.1561 - 44,34,19,18,17,32,33,43,42,49,50,51,56,60,61,62,63,67,
16.2224 - 44,51,50,55,56,60,61,62,63,67,
21.3751 - 44,34,19,20,35,45,52,57,61,60,62,63,67,
20.5016 - 44,51,50,55,56,60,62,63,64,65,66,67,
20.5016 - 44,51,50,55,56,60,62,63,64,65,66,67,
23.1681 - 44,34,33,43,42,49,50,51,56,60,61,62,63,67,
20.5016 - 44,51,50,55,56,60,62,63,64,65,66,67,
18.3116 - 44,51,50,55,56,57,61,60,62,63,67,
26.3865 - 44,45,35,20,21,36,46,53,52,51,56,60,61,62,63,67,
33.827 - 44,34,19,18,17,16,31,32,33,43,42,49,50,51,56,60,61,62,63,67,
16.2224 - 44,51,50,55,56,60,61,62,63,67,
25.957 - 44,45,46,53,52,57,56,60,61,62,63,64,65,66,67,
22.0854 - 44,45,52,57,56,60,61,62,63,64,65,66,67,
18.3116 - 44,51,50,55,56,57,61,60,62,63,67,
15.0853 - 44,51,56,57,61,60,62,63,67,
27.0154 - 44,34,19,20,35,36,46,53,52,57,56,60,61,62,63,67,
34.2994 - 44,45,35,20,21,36,37,38,48,47,54,53,52,51,56,60,61,62,63,67,
29.8244 - 44,45,35,20,13,19,34,33,43,50,51,56,60,61,62,63,67,
20.5016 - 44,51,50,55,56,60,62,63,64,65,66,67,
19.4816 - 44,45,52,51,50,55,56,60,61,62,63,67,
20.5016 - 44,51,50,55,56,60,62,63,64,65,66,67,
14.7037 - 44,51,50,55,56,60,62,63,67,
16.0461 - 44,51,50,55,56,57,61,62,63,67,
18.3116 - 44,51,50,55,56,57,61,60,62,63,67,
18.3116 - 44,51,50,55,56,57,61,60,62,63,67,
20.5016 - 44,51,50,55,56,60,62,63,64,65,66,67,
20.0113 - 44,34,33,43,50,51,56,60,61,62,63,67,
23.1681 - 44,34,33,43,42,49,50,51,56,60,61,62,63,67,
18.3116 - 44,51,50,55,56,57,61,60,62,63,67,
32.0226 - 44,45,35,20,21,36,46,53,52,51,50,55,56,57,61,60,62,63,67,
31.9194 - 44,51,50,49,42,43,33,34,19,20,35,45,52,57,61,60,62,63,67,
20.5016 - 44,51,50,55,56,60,62,63,64,65,66,67,
20.0113 - 44,34,33,43,50,51,56,60,61,62,63,67,
24.3575 - 44,51,50,55,56,57,61,60,62,63,64,65,66,67,
16.2224 - 44,51,50,55,56,60,61,62,63,67,
16.2224 - 44,51,50,55,56,60,61,62,63,67,
20.0113 - 44,34,33,43,50,51,56,60,61,62,63,67,
26.4307 - 44,45,35,36,46,53,52,51,50,55,56,60,61,62,63,67,
15.0853 - 44,51,56,57,61,60,62,63,67,
21.3751 - 44,34,19,20,35,45,52,57,61,60,62,63,67,
22.1236 - 44,51,50,55,56,60,61,62,63,64,65,66,67,
19.4816 - 44,45,52,51,50,55,56,60,61,62,63,67,
16.2224 - 44,51,50,55,56,60,61,62,63,67,
16.2224 - 44,51,50,55,56,60,61,62,63,67,
16.2224 - 44,51,50,55,56,60,61,62,63,67,
16.2224 - 44,51,50,55,56,60,61,62,63,67,
28.9514 - 44,45,35,36,37,38,48,47,54,53,52,57,61,60,62,63,67,
20.0113 - 44,34,33,43,50,51,56,60,61,62,63,67,
14.5878 - 44,45,52,57,61,60,62,63,67,
39.4965 - 44,45,46,36,21,22,37,38,48,47,54,53,52,57,61,60,62,63,64,65,66,67,
14.7037 - 44,51,50,55,56,60,62,63,67,
22.0854 - 44,45,52,57,56,60,61,62,63,64,65,66,67,
18.3116 - 44,51,50,55,56,57,61,60,62,63,67,
20.0113 - 44,34,33,43,50,51,56,60,61,62,63,67,
21.3751 - 44,34,19,20,35,45,52,57,61,60,62,63,67,
20.5016 - 44,51,50,55,56,60,62,63,64,65,66,67,
18.3116 - 44,51,50,55,56,57,61,60,62,63,67,
23.1681 - 44,34,33,43,42,49,50,51,56,60,61,62,63,67,
26.1772 - 44,34,33,43,50,51,56,60,61,62,63,64,65,66,67,
21.3751 - 44,34,19,20,35,45,52,57,61,60,62,63,67,
20.5016 - 44,51,50,55,56,60,62,63,64,65,66,67,
21.3751 - 44,34,19,20,35,45,52,57,61,60,62,63,67,
14.7037 - 44,51,50,55,56,60,62,63,67,
16.2224 - 44,51,50,55,56,60,61,62,63,67,
14.7037 - 44,51,50,55,56,60,62,63,67,
20.5016 - 44,51,50,55,56,60,62,63,64,65,66,67,
20.5016 - 44,51,50,55,56,60,62,63,64,65,66,67,
14.7037 - 44,51,50,55,56,60,62,63,67,
18.3116 - 44,51,50,55,56,57,61,60,62,63,67,
16.0461 - 44,51,50,55,56,57,61,62,63,67,
16.2224 - 44,51,50,55,56,60,61,62,63,67,
30.4324 - 44,34,19,20,21,36,35,45,46,53,52,51,56,60,61,62,63,67,
14.7037 - 44,51,50,55,56,60,62,63,67,
29.5392 - 44,45,46,53,52,51,50,55,56,60,61,62,63,64,65,66,67,
14.5878 - 44,45,52,57,61,60,62,63,67,
18.3116 - 44,51,50,55,56,57,61,60,62,63,67,
22.1759 - 44,45,52,51,56,60,61,62,63,64,65,66,67,
20.0113 - 44,34,33,43,50,51,56,60,61,62,63,67,
14.7037 - 44,51,50,55,56,60,62,63,67,
16.2224 - 44,51,50,55,56,60,61,62,63,67,
16.1866 - 44,45,52,57,56,60,61,62,63,67,
30.1086 - 44,34,33,18,17,16,31,32,42,49,50,51,56,60,61,62,63,67,
18.3116 - 44,51,50,55,56,57,61,60,62,63,67,
23.1681 - 44,34,33,43,42,49,50,51,56,60,61,62,63,67,
23.0704 - 44,34,19,20,35,45,52,57,56,60,61,62,63,67,
14.7037 - 44,51,50,55,56,60,62,63,67,
14.5878 - 44,45,52,57,61,60,62,63,67,
23.1681 - 44,34,33,43,42,49,50,51,56,60,61,62,63,67,
18.3116 - 44,51,50,55,56,57,61,60,62,63,67,
14.7037 - 44,51,50,55,56,60,62,63,67,
20.5016 - 44,51,50,55,56,60,62,63,64,65,66,67,
16.2713 - 44,45,52,51,56,60,61,62,63,67,
19.8058 - 44,45,46,53,52,57,56,60,61,62,63,67,
25.957 - 44,45,46,53,52,57,56,60,61,62,63,64,65,66,67,
16.2224 - 44,51,50,55,56,60,61,62,63,67,
20.5016 - 44,51,50,55,56,60,62,63,64,65,66,67,
20.0113 - 44,34,33,43,50,51,56,60,61,62,63,67,
16.2224 - 44,51,50,55,56,60,61,62,63,67,
19.8979 - 44,45,46,53,52,51,56,60,61,62,63,67,
19.8058 - 44,45,46,53,52,57,56,60,61,62,63,67,
21.3751 - 44,34,19,20,35,45,52,57,61,60,62,63,67,
26.3865 - 44,45,35,20,21,36,46,53,52,51,56,60,61,62,63,67,
32.0226 - 44,45,35,20,21,36,46,53,52,51,50,55,56,57,61,60,62,63,67,
20.5016 - 44,51,50,55,56,60,62,63,64,65,66,67,
18.3116 - 44,51,50,55,56,57,61,60,62,63,67,
30.9521 - 44,45,46,36,37,38,48,47,54,53,52,51,56,60,61,62,63,67,
16.2224 - 44,51,50,55,56,60,61,62,63,67,
16.2224 - 44,51,50,55,56,60,61,62,63,67,
21.3751 - 44,34,19,20,35,45,52,57,61,60,62,63,67,
21.3751 - 44,34,19,20,35,45,52,57,61,60,62,63,67,
16.2224 - 44,51,50,55,56,60,61,62,63,67,
25.6099 - 44,45,52,51,50,55,56,60,61,62,63,64,65,66,67,
16.1866 - 44,45,52,57,56,60,61,62,63,67,
20.5016 - 44,51,50,55,56,60,62,63,64,65,66,67,
23.0704 - 44,34,19,20,35,45,52,57,56,60,61,62,63,67,
20.5016 - 44,51,50,55,56,60,62,63,64,65,66,67,
31.9425 - 44,51,56,55,50,43,33,34,19,20,35,45,52,57,61,60,62,63,67,
20.5016 - 44,51,50,55,56,60,62,63,64,65,66,67,
26.4307 - 44,45,35,36,46,53,52,51,50,55,56,60,61,62,63,67,
