29.9866
29.9866
31.4212
31.1539
29.9866
34.1528
32.9887
39.0508
31.1539
32.9323
34.3561
29.6337
32.9887
29.9866
29.9866
32.9722
32.9323
31.0535
31.2578
31.2413
31.1539
29.9866
40.5557
29.9866
29.6337
26.659
30.0437
31.3088
29.9317
31.2578
46.469
30.0437
34.2272
31.3639
44.6806
34.1642
38.6772
31.1085
35.7017
32.9323
29.9317
28.2663
32.9323
32.9323
32.9722
42.1
30.0437
29.4926
31.1659
34.1528
35.8358
44.8829
30.0437
31.3639
28.0361
31.1659
31.4212
29.9866
46.389
30.0437
31.1539
37.4447
26.659
29.9317
30.0437
37.4447
28.0413
32.9562
34.0488
31.1539
31.1085
33.0123
42.9874
31.4212
34.3725
30.0437
32.9323
39.2551
31.1539
32.9323
29.6337
31.3088
32.9323
28.2663
29.9317
32.7969
31.3639
33.0123
31.1659
31.3088
32.9323
32.9323
28.2116
29.9814
29.6337
29.9317
26.659
31.1085
33.0123
48.2768
29.9317
29.9866
43.9091
29.9317
40.475
30.0934
31.1659
31.3088
29.9866
29.9866
31.1539
32.9323
52.4291
34.3561
32.4792
30.0437
38.6772
30.0437
31.1085
29.6337
34.5774
30.0437
31.1539
41.824
31.3088
32.9887
30.0437
31.4212
26.659
29.9317
41.9859
32.9323
35.8498
32.9887
40.5244
31.1539
29.6963
34.3561
32.9887
32.9722
31.1951
39.1573
32.9323
31.3639
26.659
29.9866
27.9865
33.8714
31.1539
47.9369
47.7077
41.055
29.9866
44.9973
31.1539
31.4212
31.1951
29.9866
35.7017
28.2663
28.3233
34.0488
30.0437
34.1528
29.9317
31.3639
35.9166
32.4792
32.9722
41.8072
34.0488
32.9887
29.6337
26.659
29.4926
31.1539
37.3235
35.8498
31.4212
37.7624
31.1539
29.4926
35.7017
29.9866
34.1363
35.9115
31.4212
32.4792
35.8823
38.7578
30.0934
29.9866
35.9166
31.1539
44.9473
37.4906
36.3399
29.9866
30.8771
31.3639
