34.4878
34.4878
36.1779
36.7476
34.4878
40.4025
37.7188
45.6867
36.7476
39.2116
39.8373
34.1692
37.7188
34.4878
34.4878
37.7642
39.2116
36.2743
36.2982
36.3429
36.7476
34.4878
49.8053
34.4878
34.1409
30.6322
34.1692
36.149
34.1409
36.2982
58.3121
34.1692
39.7458
36.5021
53.821
40.2206
46.5338
36.6228
42.4459
39.2116
34.1409
33.1262
39.2116
39.2116
37.7642
50.5958
34.1692
34.058
36.3027
40.4025
42.6282
54.6474
34.1692
36.5021
32.9911
36.3027
36.1779
34.4878
55.3256
34.1692
36.7476
45.7037
30.6322
34.1409
37.7642
45.7037
32.3162
37.703
40.3633
36.7476
36.6228
39.0474
51.8492
36.1779
47.8329
34.1692
39.2116
46.3872
36.7476
39.2116
34.5567
36.149
39.2116
33.1262
34.1409
39.4035
36.5021
39.0474
36.3027
36.149
39.2116
39.2116
32.7854
35.1668
34.1409
34.1409
30.6322
36.6228
42.7595
59.1068
34.1409
34.4878
53.0888
34.1409
49.2172
35.1952
36.3027
36.149
34.4878
34.4878
36.7476
39.2116
66.0942
39.8373
38.0709
34.1692
46.5338
34.1692
36.6228
34.1692
41.9268
34.1692
36.7476
50.4046
36.149
37.7188
34.1692
36.1779
30.6322
34.1409
50.5646
39.2116
41.7903
37.7188
48.1761
36.7476
34.0815
39.8373
37.7188
37.7642
36.7823
46.8412
39.2116
36.5021
30.6322
34.4878
31.9713
39.7911
36.7476
59.2758
58.516
49.7162
34.4878
54.6794
36.7476
36.1779
36.7823
34.4878
36.7476
33.1262
32.8133
40.3633
34.1692
40.4025
34.1409
36.5021
41.9571
37.7642
37.7642
50.454
40.3633
37.7188
34.5567
30.6322
34.058
36.7476
44.0601
41.7903
36.1779
44.5976
36.7476
34.058
36.5021
34.4878
40.4488
43.0201
36.1779
38.0709
42.4459
46.5338
35.1952
34.4878
41.9571
36.7476
55.5398
45.8386
42.9905
34.4878
36.5021
36.5021
