37.86
37.86
39.7024
39.1365
37.86
43.7556
42.44
52.9144
39.1365
45.1329
44.5788
37.4927
42.44
45.1329
37.86
42.7674
41.5577
40.9022
40.3266
40.6464
39.1365
37.86
54.7407
37.86
37.4927
34.2786
37.9374
40.2987
38.5281
40.3266
64.4137
37.9374
45.0025
39.6243
63.7953
44.5805
52.4767
40.2318
46.4769
41.5577
38.5281
35.8502
41.5577
41.5577
42.7674
58.3155
37.9374
37.86
40.3094
43.7556
46.7794
64.0483
37.9374
39.6243
36.4649
40.3094
39.7024
41.5577
64.5523
37.9374
39.1365
50.2032
34.2786
38.5281
37.9374
50.2032
35.459
42.5736
44.2642
39.1365
40.2318
42.1971
57.9791
39.7024
53.4478
37.9374
41.5577
52.6147
39.1365
41.5577
37.4927
40.2987
41.5577
40.2318
38.5281
43.0177
39.6243
42.1971
40.3094
40.2987
46.1982
41.5577
36.5033
38.8777
37.4927
38.5281
34.2786
40.2318
47.1016
67.4366
38.5281
37.86
60.9066
38.5281
55.1427
38.2901
40.3094
40.2987
41.5577
37.86
39.1365
41.5577
76.0078
44.5788
41.8949
37.9374
52.4767
37.9374
40.2318
37.4927
45.5047
37.9374
39.1365
55.9047
40.2987
42.44
37.9374
39.7024
34.2786
38.5281
59.0019
41.5577
46.6682
42.44
53.3643
39.1365
38.0318
44.5788
42.44
42.7674
39.7774
52.2683
41.5577
39.6243
34.2786
37.86
35.8502
44.2481
39.1365
68.0682
64.9124
55.8651
37.86
63.3417
39.1365
39.7024
39.7774
41.5577
46.9907
35.8502
35.9257
44.2642
37.9374
43.7556
38.5281
39.6243
47.0023
41.8949
42.7674
56.2575
44.2642
42.44
37.4927
34.2786
37.86
39.1365
48.517
46.6682
39.7024
50.8156
39.1365
37.86
46.4769
37.86
44.0787
46.1854
39.7024
41.8949
47.6888
52.0824
38.2901
37.86
47.0023
39.1365
61.5703
49.0279
47.9117
37.86
39.1365
39.6243
