6.48896
6.97833
6.49029
6.97833
6.47035
6.37473
7.25617
6.37473
6.47035
6.97833
6.47035
6.47035
6.48896
6.37473
6.36513
6.47035
6.97833
6.38083
6.47035
6.97833
6.86833
6.37473
6.38083
7.26571
6.38083
6.48896
6.96792
7.26571
6.97833
6.97833
6.48896
6.48896
6.37473
6.86833
6.47035
6.37473
6.47035
6.47035
6.86833
7.25617
6.48896
6.97833
6.47035
7.26571
6.48896
7.46814
6.47035
7.24382
6.48896
6.47035
6.90252
6.47035
6.47035
6.47035
6.47035
6.38083
6.97833
6.47035
6.37473
6.48896
6.47035
7.26571
6.37473
6.97833
6.47035
6.90252
6.38083
6.97833
6.97833
6.38083
6.49029
6.36513
6.47035
6.48896
7.25617
6.47035
6.48896
6.86833
6.37473
6.38083
6.47035
6.47035
6.48896
6.37473
6.37473
7.46814
6.47035
6.48896
6.97833
7.25617
6.97833
6.97833
6.49029
6.48896
7.25617
6.90252
6.38083
6.6219
6.47035
6.38083
6.97833
6.38083
6.47035
6.47035
6.47035
6.47035
6.37473
6.48896
6.48896
6.47035
6.48896
6.37473
6.38083
6.47035
7.26571
6.97833
6.48896
7.26571
6.86833
6.48896
6.38083
6.48896
6.47035
6.37473
6.48896
6.86833
6.97833
7.24382
6.38083
6.47035
6.37473
7.26571
6.37473
6.48896
6.47035
6.97833
6.97833
6.47035
6.37473
6.48896
6.47035
6.86833
6.97833
6.47035
6.86833
6.47035
6.38083
6.47035
6.48896
6.48896
6.38083
6.97833
6.47035
6.38083
6.38083
6.38083
6.97833
6.97833
6.47035
6.6219
6.47035
7.46814
7.26571
6.37473
6.37473
6.47035
6.48896
6.38083
6.37473
6.47035
6.48896
6.37473
6.97833
7.46814
6.48896
6.97833
6.47035
6.49029
6.47035
7.46814
7.26571
6.48896
6.37473
6.48896
6.48896
6.38083
7.24382
6.37473
6.47035
7.26571
6.47035
6.97833
6.37473
7.25617
6.38083
6.48896
7.26571
6.47035
7.25617
6.47035
