4.89422
4.81571
4.9539
4.89422
4.89422
4.83809
4.9539
4.89422
4.81571
4.81571
4.81571
4.81571
4.9539
4.83809
4.9539
4.81571
4.81571
4.81571
4.89422
4.9539
4.9539
4.9539
4.81571
4.9539
4.81571
4.89422
4.89422
4.9539
4.9539
4.9539
4.89422
4.89422
4.9539
4.89422
4.81571
4.89422
4.89422
4.81571
4.89422
4.81571
4.9539
4.83809
4.81571
4.9539
4.9539
4.81571
4.89422
4.9539
4.89422
4.81571
4.89422
4.81571
4.89422
4.81571
4.81571
4.81571
4.81571
4.89422
4.83809
4.9539
4.89422
4.92065
4.9539
4.83809
4.89422
4.9539
4.81571
4.81571
4.81571
4.81571
4.92065
4.9539
4.92065
4.92065
4.81571
4.81571
4.9539
4.89422
4.83809
4.81571
4.89422
4.92065
4.89422
4.81571
4.9539
4.9539
4.89422
4.92065
4.83809
4.81571
4.83809
4.81571
4.92065
4.89422
4.9539
4.89422
4.81571
4.9539
4.92065
4.81571
4.83809
4.81571
4.9539
4.9539
4.89422
4.81571
4.9539
4.89422
4.92065
4.81571
4.9539
4.9539
4.89422
4.9539
4.83809
4.89422
4.89422
4.9539
4.89422
4.89422
4.83809
4.89422
4.81571
4.83809
4.89422
4.89422
4.81571
4.9539
4.81571
4.89422
4.89422
4.9539
4.89422
4.89422
4.89422
4.9539
4.83809
4.83809
4.9539
4.54885
4.81571
4.92065
4.9539
4.89422
4.9539
4.81571
4.83809
4.9539
4.89422
4.54885
4.81571
4.81571
4.89422
4.81571
4.81571
4.81571
4.9539
4.81571
4.89422
4.89422
4.89422
4.89422
4.9539
4.9539
4.83809
4.89422
4.92065
4.54885
4.92065
4.9539
4.92065
4.83809
4.81571
4.9539
4.9539
4.83809
4.9246
4.89422
4.89422
4.92065
4.9539
4.89422
4.9539
4.92065
4.9539
4.81571
4.92065
4.89422
4.9539
4.9539
4.89422
4.81571
4.83809
4.81571
4.81571
4.89422
4.9539
4.9539
4.81571
4.89422
