[[  0.           0.           0.           0.          18.91817438   0.
    0.           0.           0.           0.           0.           0.
    0.           0.           0.           0.           0.           0.
    0.           0.           0.           0.           0.           0.
    0.           0.           0.           0.           0.          20.73771873
    0.           0.           0.        ]
 [  0.           0.           7.12308171   0.           0.           0.
    5.62809319   0.           0.           0.           0.           0.
    0.           0.           0.           0.           0.           0.
    0.           0.           0.           0.           0.           0.
    0.           0.           0.           0.           0.           0.
    0.           0.           0.        ]
 [  0.           7.12308171   0.           4.39416261   0.           0.
    0.           0.           0.           0.           0.           0.
    0.           0.           0.           0.           0.           0.
    0.           0.           0.           0.           0.           0.
    0.           0.           0.           0.           0.           0.
    5.2576257    0.           0.        ]
 [  0.           0.           4.39416261   0.           0.77909242   0.
    0.           0.           0.           0.           0.           0.
    0.           0.           0.           0.           0.           0.
    0.           0.           0.           0.           0.           0.
    0.           0.           0.           0.           0.           0.
    1.48581459   0.           0.        ]
 [ 18.91817438   0.           0.           0.           0.           0.
    0.           0.           0.           0.           0.           0.
    0.           0.           0.           0.           0.           0.
    0.           0.           0.           0.           0.           0.
    0.           0.           0.           0.           0.           6.77124863
    1.439436     0.           0.        ]
 [  0.           0.           8.83161288   0.           0.           0.
    6.83144172  11.24612155  13.26761113  19.2276218    0.           0.
    0.           0.           0.           0.           0.          20.02663052
    0.           0.           0.           0.           0.           0.
    0.           0.           0.           0.           0.           0.
    9.04096068   0.           0.        ]
 [  0.           5.62809319   0.           0.           0.           6.83144172
    0.           0.           0.           0.           0.           0.
    0.           0.           0.           0.           0.           0.
    0.           0.           0.           0.           0.           0.
    0.           0.           0.           0.           0.           0.
    0.           0.           0.        ]
 [  0.           0.           0.           0.           0.          11.24612155
    0.           0.           3.79031199   0.           0.           0.
    0.           0.           0.           0.           0.           0.
    0.           0.           0.           0.           0.           0.
    0.           0.           0.           0.           0.           6.36394909
    7.55263663   0.           0.        ]
 [  0.           0.           0.           0.           0.          13.26761113
    0.           3.79031199   0.           0.          19.75877266   0.
    0.           0.           0.           0.           0.           0.
   25.77492646   0.           0.           0.           0.           0.
    0.           0.           0.           0.           0.           9.35570869
    0.           0.           0.        ]
 [  0.           0.           0.           0.           0.          19.2276218
    0.           0.           8.39469267   0.          12.52206389   0.
    0.           0.           7.7675034    0.           0.           0.
    0.           0.           0.           0.           0.           0.
    0.           0.           0.           0.           0.           0.
    0.           0.           0.        ]
 [  0.           0.           0.           0.           0.           0.
    0.           0.          19.75877266  12.52206389   0.          12.03275804
    0.           0.           0.          12.34718612  11.38922104   0.
    0.           0.           0.           0.           0.           0.
    0.           0.           0.           0.           0.           0.
    0.           0.           0.        ]
 [  0.           0.           0.           0.           0.           0.
    0.           0.           0.           0.          12.03275804   0.
    0.           0.           0.           0.           0.           0.
    0.           0.           0.           0.           0.           0.
    0.           0.           0.           0.           0.           0.
    0.           0.           0.        ]
 [  0.           0.           0.           0.           0.           0.
    0.           0.           0.           0.           0.           0.
    0.           3.60341852   0.           0.           0.           0.
    0.           6.92876035   0.           0.           0.           0.
    0.           0.           0.           0.           0.           0.
    0.           1.88855606   0.        ]
 [  0.           0.           0.           0.           0.           0.
    0.           0.           0.           0.           0.           0.
    3.60341852   0.           8.20892015   0.           0.           0.
    0.           0.           0.           0.           0.           0.
    0.           0.           0.           0.           0.           0.
    0.           0.           9.90100005]
 [  0.           0.           0.           0.           0.           0.
    0.           0.           0.           7.7675034    0.           0.
    0.           8.20892015   0.           5.58525201   0.           0.
    0.           0.           0.           0.           0.           0.
    9.26824865   7.04430415   0.           0.           0.           0.
    0.           0.           0.        ]
 [  0.           0.           0.           0.           0.           0.
    0.           0.           0.           0.          12.34718612   0.
    0.           0.           5.58525201   0.           3.99183579   0.
    0.           0.           0.           0.           0.           0.
    0.           0.           0.           0.           0.           0.
    0.           0.           0.        ]
 [  0.           0.           0.           0.           0.           0.
    0.           0.           0.           0.          11.38922104   0.
    0.           0.           0.           3.99183579   0.           0.
    0.           0.           0.           0.           0.           0.
    0.           0.           6.63844266   0.          12.699692     0.
    0.           0.           0.        ]
 [  0.           0.           0.           0.           0.          20.02663052
    0.           0.           0.           0.           0.           0.
    0.           0.           0.           0.           0.           0.
    2.14061697   0.           8.52206976   0.           0.           0.
    0.           0.           0.           0.           0.           0.
    0.          11.87706513   0.        ]
 [  0.           0.           0.           0.           0.           0.
    0.           0.           0.           0.           0.           0.
    0.           0.           0.           0.           0.           2.14061697
    0.           5.05118808   7.48916404   0.           0.           0.
    0.           0.           0.           0.           0.           0.
    0.          10.14424945   0.        ]
 [  0.           0.           0.           0.           0.           0.
    0.           0.           0.           0.           0.           0.
    6.92876035   0.           0.           0.           0.           0.
    5.05118808   0.           0.           2.85878733   0.           0.
    0.           0.           0.           0.           0.           0.
    0.           0.           3.1707742 ]
 [  0.           0.           0.           0.           0.           0.
    0.           0.           0.           0.           0.           0.
    0.           0.           0.           0.           0.           8.52206976
    7.48916404   0.           0.           3.90011795   0.           8.74947701
    0.           0.           0.           0.           0.           0.
    0.           0.           0.        ]
 [  0.           0.           0.           0.           0.           0.
    0.           0.           0.           0.           0.           0.
    0.           0.           0.           0.           0.           0.
    0.           2.85878733   3.90011795   0.           0.           0.
    0.           0.           0.           0.           0.           0.
    0.           0.           1.16565518]
 [  0.           0.           0.           0.           0.           0.
    0.           0.           0.           0.           0.           0.
    0.           0.           0.           0.           0.           0.
    0.           0.           0.           0.           0.           5.07967401
    5.76082572   0.           0.           0.           0.           0.
    0.           0.           1.1405069 ]
 [  0.           0.           0.           0.           0.           0.
    0.           0.           0.           0.           0.           0.
    0.           0.           0.           0.           0.           0.
    0.           0.           8.74947701   0.           5.07967401   0.
    2.66236004   0.           0.           0.           0.           0.
    0.           0.           0.        ]
 [  0.           0.           0.           0.           0.           0.
    0.           0.           0.           0.           0.           0.
    0.           0.           9.26824865   0.           0.           0.
    0.           0.           0.           0.           5.76082572
    2.66236004   0.           4.78843816   0.           0.           0.
    0.           0.           0.           0.        ]
 [  0.           0.           0.           0.           0.           0.
    0.           0.           0.           0.           0.           0.
    0.           0.           7.04430415   0.           0.           0.
    0.           0.           0.           0.           0.           0.
    4.78843816   0.           5.79709971   0.           0.           0.
    0.           0.           0.        ]
 [  0.           0.           0.           0.           0.           0.
    0.           0.           0.           0.           0.           0.
    0.           0.           0.           0.           6.63844266   0.
    0.           0.           0.           0.           0.           0.
    0.           5.79709971   0.           1.68026724   0.           0.
    0.           0.           0.        ]
 [  0.           0.           0.           0.           0.           0.
    0.           0.           0.           0.           0.           0.
    0.           0.           0.           0.           0.           0.
    0.           0.           0.           0.           0.           0.
    0.           0.           1.68026724   0.           9.46147864   0.
    0.           0.           0.        ]
 [  0.           0.           0.           0.           0.           0.
    0.           0.           0.           0.           0.           0.
    0.           0.           0.           0.          12.699692     0.
    0.           0.           0.           0.           0.           0.
    0.           0.           0.           9.46147864   0.           0.
    0.           0.           0.        ]
 [ 20.73771873   0.           0.           0.           6.77124863   0.
    0.           6.36394909   9.35570869   0.           0.           0.
    0.           0.           0.           0.           0.           0.
    0.           0.           0.           0.           0.           0.
    0.           0.           0.           0.           0.           0.
    7.01507234   0.           0.        ]
 [  0.           0.           5.2576257    1.48581459   1.439436
    9.04096068   0.           7.55263663   0.           0.           0.
    0.           0.           0.           0.           0.           0.
    0.           0.           0.           0.           0.           0.
    0.           0.           0.           0.           0.           0.
    7.01507234   0.           0.           0.        ]
 [  0.           0.           0.           0.           0.           0.
    0.           0.           0.           0.           0.           0.
    1.88855606   0.           0.           0.           0.          11.87706513
   10.14424945   0.           0.           0.           0.           0.
    0.           0.           0.           0.           0.           0.
    0.           0.           0.        ]
 [  0.           0.           0.           0.           0.           0.
    0.           0.           0.           0.           0.           0.
    0.           9.90100005   0.           0.           0.           0.
    0.           3.1707742    0.           1.16565518   1.1405069    0.
    0.           0.           0.           0.           0.           0.
    0.           0.           0.        ]]
